1.3135135135135136,157.86845637583892,1.3135135135135136,175.86845637583892,1.3135135135135136,139.86845637583892,0.07992093286836434,0.15727879623234658,0.0
1.4321133096193261,157.86858379256606,1.3934344002621843,175.86854223535062,1.470792218976468,139.8686253497815,0.15977980540248876,0.31448164437333614,0.12311888710146945
1.55064355433128,157.8689658146672,1.4732928580340827,175.86879961583833,1.6279942506284772,139.86913201349608,0.2395776700064533,0.47160872354012906,0.24621567113823062
1.6691043173971212,157.86960210002204,1.5530895715689996,175.86922822332667,1.7851190632252427,139.8699759767174,0.3193155775739524,0.628660211840368,0.3692889622302147
1.7874956685645964,157.87049230651024,1.6328252251342115,175.8698277679635,1.9421661119949813,139.871156845057,0.39899457745201417,0.7856362863896896,0.4923373712944681
1.905817677581452,157.87163609201144,1.7125005024767574,175.87059796401422,2.0991348526861464,139.87267422000866,0.4786157174048033,0.9425371233292397,0.6153595101308156
2.0240704141954344,157.87303311440536,1.7921160867758108,175.8715385298556,2.2560247416150583,139.87452769895512,0.5581800435775133,1.0993628978431642,0.7383539915073669
2.1422539481542895,157.8746830315716,1.8716726605951548,175.8726491879689,2.412835235713424,139.8767168751743,0.6376886004603592,1.2561137841761028,0.8613194292457251
2.2603683492057645,157.87658550138988,1.9511709058357738,175.87392966493283,2.569565792575755,139.87924133784693,0.7171424308526588,1.412789955650651,0.9842544383063228
2.3784136870976056,157.87874018173983,2.0306115036885606,175.8753796914154,2.7262158705066506,139.88210067206427,0.79654257582703,1.5693915846848079,1.1071576348731327
2.496390031577559,157.88114673050111,2.1099951345871575,175.87699900216583,2.8827849285679608,139.8852944588364,0.8758900746936874,1.7259188428094034,1.2300276364386349
2.6142974523933713,157.8838048055534,2.1893224781609346,175.8787873360055,3.039272426625808,139.88882227510132,0.9551859649648614,1.882371900685488,1.352863061888229
2.7321360192927884,157.88671406477636,2.2685942131881145,175.88074443581866,3.1956778253974623,139.89268369373406,1.0344312823193347,2.0387509281217016,1.4756625315846605
2.849905802023557,157.88987416604968,2.3478110175490547,175.8828700485425,3.3520005864980593,139.89687828355687,1.1136270605670902,2.195056094091601,1.5984246674520364
2.9676068703334235,157.89328476725296,2.4269735681796876,175.88516392515646,3.5082401724871595,139.90140560934947,1.1927743316141082,2.351287566750956,1.7211480930595968
3.085239293970134,157.89694552626594,2.5060825410251395,175.88762582067164,3.6643960469151287,139.90626523186023,1.2718741254272812,2.5074455134549964,1.8438314337054464
3.3202984862150746,157.90501614923954,2.664142451909934,175.89305270853765,3.9764545205202153,139.91697958994143,1.4299353913146895,2.819541494518571,2.0890723704476244
3.555083936740349,157.91408329800777,2.8219961361973143,175.89914883240866,4.288171737283384,139.92901776360688,1.5878190578584317,3.1313453607660833,2.334136517796253
3.7895962035279283,157.92414423560797,2.979648961091473,175.90591237626836,4.599543445964383,139.94237609494758,1.7455332914410482,3.4428584239687154,2.579012948828648
4.023835844559784,157.93519622507742,3.1371062735576962,175.91334158737524,4.910565415561871,139.9570508627796,1.903086224102046,3.754081984727965,2.8236907722020277
4.257803417817887,157.94723652945348,3.2943733988877435,175.9214347757905,5.22123343674803,139.97303828311647,2.060485952452007,4.065017333014443,3.068159134751099
4.491499481284208,157.9602624117734,3.4514556392808373,175.9301903138745,5.531543323287579,139.99033450967232,2.2177405365977934,4.375665748702187,3.3124072240615305
4.72492459294072,157.9742711350746,3.6083582724412215,175.93960663575274,5.841490913440219,140.00893563439644,2.3748579990794263,4.686028502098108,3.5564242710181304
4.958079310769393,157.9892599623943,3.7650865501932342,175.94968223675113,6.151072071345552,140.02883768803747,2.531846323819176,4.996106854466137,3.8001995523256085
5.1909641927521974,158.00522615676985,3.921645697114844,175.96041567280207,6.460282688389551,140.05003664073763,2.688713455083358,5.305902058545735,4.0437223930009765
5.423579796871105,158.0221669812386,4.078040909190536,175.97180555982115,6.769118684551675,140.07252840265605,2.84546729645741,5.615415359064391,4.286982168835991
5.655926681108087,158.04007969883781,4.23427735248443,175.98385057305552,7.077576009731745,140.0963088246201,3.002115709834697,5.924647993243711,4.529968308828174
5.888005403445115,158.05896157260483,4.390360161834499,175.9965494464044,7.3856506450557315,140.12137369880526,3.1586665144195702,6.233601191298774,4.772670297579069
6.11981652186416,158.07880986557697,4.546294439568705,176.0099009717124,7.6933386041596155,140.14771875944155,3.3151274857451227,6.542276176930405,5.015077677658567
6.3513605943471925,158.09962184079154,4.702085254243848,176.02390399803642,8.000635934450537,140.17533968354667,3.4715063547061438,6.850674167810018,5.257180051933759
6.582638178876184,158.12139476128587,4.857737639407924,176.03855743088684,8.307538718344444,140.2042320916849,3.627810806607683,7.15879637605673,5.498967085861324
6.929056111341407,158.15584992732104,5.090967583273436,176.061754835004,8.767144639409379,140.2499450196381,3.8621446493563854,7.620465235104659,5.861033926910807
7.274877584558626,158.19245182482055,5.323914002875442,176.08641005386943,9.22584116624181,140.29849359577167,4.096353809632659,8.081520352697284,6.222333786040394
7.620104481716993,158.23119121653534,5.55659340699197,176.11252008338656,9.683615556442016,140.34986234968412,4.33046362022892,8.541965763560349,6.582832644106134
7.964738686005661,158.27205886521637,5.789022097780826,176.14008218419946,10.140455274230495,140.40403554623327,4.564499160335625,9.001805485736101,6.942496853818298
8.308782080613783,158.31504553361458,6.021216162616412,176.1690938748401,10.596347998611154,140.46099719238907,4.79848524912818,9.461043523787634,7.30129315521576
8.65223654873051,158.36014198448092,6.253191466249145,176.19955292464994,11.051281631211875,140.5207310443119,5.032446439564175,9.919683871891465,7.659188690632519
8.995103973544998,158.40733898056632,6.484963643296047,176.23145734649,11.505244303793948,140.58322061464264,5.266407012396352,10.377730516814472,8.016151019141546
9.337386238246397,158.45662728462173,6.71654809107018,176.26480538925404,11.958224385422614,140.64844917998943,5.500390970405913,10.835187440771744,8.372148130462733
9.679085226023862,158.50799765939811,6.947959962755788,176.29959553020046,12.410210489291934,140.71639978859577,5.734422032860614,11.292058624162143,8.727148458322262
10.020202820066544,158.56144086764635,7.179214160935114,176.33582646711747,12.861191479197974,140.78705526817524,5.968523630201532,11.748348048178793,9.08112089325239
10.360740903563595,158.61694767211745,7.410325331471995,176.3734971103377,13.311156475655196,140.8603982338972,6.202718898961893,12.204059697291958,9.434034794821713
10.70070135970417,158.67450883556234,7.641307857756487,176.41260657461655,13.76009486165185,140.93641109650812,6.437030676920934,12.65919756160215,9.785860003287652
11.040086071677418,158.73411512073193,7.872175855313882,176.4531541708909,14.207996288040954,141.01507607057295,6.671481498495486,13.113765639061597,10.13656685066313
11.378896922672496,158.7957572903772,8.102943166780697,176.49513939793277,14.654850678564294,141.09637518282162,6.906093590371088,13.567767937562621,10.48612617119177
11.717135795878555,158.85942610724908,8.333623357249262,176.53856193391326,15.100648234507847,141.1802902805849,7.140888867374612,14.021208476891655,10.83450931122681
12.167234471820766,158.9474544598151,8.641084340625941,176.59869422511983,15.693384603015591,141.29621469451038,7.454271477169442,14.624928988730355,11.297142003036896
12.616324110107875,159.03904742330644,8.948444718382303,176.6613815697172,16.28420350183345,141.41671327689568,7.768068423996881,15.227667594218072,11.757568541198992
13.064409174595648,159.13418310202158,9.255734267272514,176.72662453151986,16.87308408191878,141.5417416725233,8.08232899741039,15.829433952562837,12.215725420036762
13.511494129139852,159.2328396002591,9.56298183377795,176.7944241145726,17.460006424501753,141.6712550859456,8.397101450720296,16.43023778366107,12.671550872676178
13.957583437596261,159.33499502231751,9.870215323514552,176.864781726667,18.04495155167797,141.80520831796804,8.712432989576184,17.030088872999293,13.124984897860884
14.402681563820645,159.44062747249532,10.177461692653445,176.93769914292903,18.627901434987844,141.9435558020616,9.028369761902955,17.628997075803234,13.575969283408142
14.84679297166877,159.54971505509113,10.484746941321621,177.01317846957832,19.208839002015917,142.08625164060393,9.344956849178017,18.226972320443302,14.024447626337263
15.289922124996403,159.6622358744034,10.792096108943316,177.09122210795456,19.78774814104949,142.23324964085222,9.662238259033353,18.824024611108317,14.470365349712836
15.732073487659317,159.7781680347307,11.09953327147677,177.17183271890383,20.364613703841865,142.38450335055757,9.980256919163027,19.42016402976161,14.913669716253878
16.173251523513283,159.89748964037153,11.407081540495891,177.25501318761133,20.939421506530675,142.53996609313174,10.299054672513492,20.015400737395762,15.354309838768742
16.61346069641407,160.02017879562447,11.714763064061245,177.34076658896396,21.512158328766894,142.699591002285,10.618672273731145,20.609744974604496,15.792236687484277
17.052705470217443,160.14621360478802,12.022599029320432,177.42909615351948,22.082811911114455,142.86333105605655,10.939149386838668,21.203207061492026,16.227403094344552
17.490990308779175,160.27557217216074,12.330609666774027,177.52000523415552,22.651370950784322,143.03113911016595,11.260524584109588,21.795797396941836,16.659763754361734
17.92831967595503,160.40823260204112,12.63881425613954,177.61349727346487,23.21782509577052,143.20296793061738,11.582835346107782,22.387526457268667,17.089275224107823
18.364698035600785,160.54417299872773,12.947231133743058,177.70957577195958,23.78216493745851,143.37877022549588,11.906118062856674,22.978404794278443,17.51589591744178
18.908840431224046,160.7186775911745,13.333077183439391,177.83331647736352,24.4846036790087,143.60403870498547,12.311641946801082,23.7158225787899,18.045046270221036
19.451512570824455,160.89823015468053,13.719314016099563,177.96111091172767,25.183711125549348,143.8353493976334,12.718806155487245,24.451948618740776,18.56954426516161
19.992723172870317,161.08278792420387,14.105971371033164,178.09296585459504,25.87947497470747,144.0726099938127,13.127674619830533,25.18680397800312,19.089320791250557
20.532480955829932,161.27230813470257,14.493076807073972,178.22888790563485,26.571885104585892,144.3157283637703,13.538308652972809,25.920409867225633,19.604311147644026
21.0707946381716,161.46674802113472,14.880655747030659,178.36888340422712,27.26093352931254,144.56461263804232,13.950766970999938,26.652787629329598,20.114454989201406
21.607672938363613,161.6660648184584,15.268731525979213,178.5129583531834,27.946614350748014,144.81917128373343,14.365105716920628,27.383958723478543,20.619696264287313
22.143124574874275,161.87021576163167,15.657325443020417,178.66111834669968,28.62892370672813,145.07931317656366,14.78137848769771,28.113944707664487,21.11998314540253
22.67715826617189,162.0791580856126,16.04645681612932,178.81336850261175,29.30785971621446,145.34494766861343,15.19963636412097,28.842767220053982,21.61526795320492
23.20978273072475,162.29284902535926,16.436143039729878,178.96971339899315,29.983422421719624,145.61598465172537,15.619927943311215,29.57044795923539,22.105507074482603
23.741006687001164,162.51124581582974,16.82639964463598,179.13015701511333,30.655613729366348,145.89233461654615,16.042299373646124,30.29700866350696,22.590660874636185
24.270838853469417,162.73430569198206,17.217240360010155,179.29470267674873,31.32443734692868,146.1739087072154,16.46679439190074,31.02247108934287,23.07069360521787
24.799287948597822,162.96198588877434,17.60867717700276,179.4633530058171,31.989898720192883,146.46061877173156,16.893454362398806,31.74685698917016,23.54557330706858
25.326362690854673,163.19424364116463,18.00072041374749,179.6361098742861,32.65200496796186,146.75237740804317,17.322318317975096,32.47018808858567,24.01527170957705
25.852071798708266,163.43103618411104,18.393378781403243,179.8129743622878,33.31076481601329,147.04909800593427,17.75342300255419,33.19248606313776,24.47976412657387
26.37642399062691,163.67232075257158,18.78665945094747,179.99394672035507,33.96618853030635,147.3506947847881,18.18680291515622,33.91377251479166,24.939029349353774
26.899427985078894,163.91805458150432,19.180568120441954,180.17902633567994,34.618287849715834,147.6570828273287,18.622490355146986,34.63406894819232,25.393049537302787
27.421092500532524,164.1681949058674,19.575109082508614,180.36821170228134,35.26707591855643,147.96817810945348,19.06051546855607,35.3533967468327,25.841810106585825
27.941426255456097,164.42269896061882,19.970285291769585,180.56150039495833,35.91256721914261,148.2838975262793,19.500906295294087,36.07177714922902,26.285299617330608
28.460437968317912,164.6815239807167,20.36609843202299,180.75888904689506,36.55477750461283,148.60415891453832,19.943688817107656,36.78923122519862,26.723509659720037
28.978136357586273,164.9446272011191,20.762548982942988,180.96037333077544,37.19372373222956,148.92888107146274,20.388887006118335,37.50577985232916,27.15643473938492
29.494530141729474,165.21196585678405,21.15963628610972,181.16594794325863,37.829423997349224,149.25798377030947,20.836522873800124,38.221443692722126,27.584072162464395
30.009628039215812,165.48349718266965,21.55735861019173,181.37560659266256,38.4618974682399,149.59138777267674,21.286616520257663,38.936243170086335,28.006421920678022
30.523438768513596,165.759178413734,21.95571321511996,181.58934198969635,39.09116432190723,149.92901483777163,21.739186183676242,39.650198447251285,28.4234865767323
31.03597104809112,166.0389667849351,22.354696415108634,181.8071458410828,39.71724568107361,150.2707877287874,22.194248289821964,40.36332940416353,28.835271150358196
31.54723359641668,166.3228195312311,22.754303640394177,182.02900884590835,40.340163552439186,150.61663021655383,22.65181750147965,41.075655616423276,29.241783005255996
32.057235131958585,166.61069388758003,23.15452949757831,182.254920694539,40.95994076633886,150.96646708062104,23.111906767722846,41.787196334411846,29.643031737199593
32.565984373185124,166.90254708893994,23.555367828476054,182.4848700699404,41.5766009178942,151.32022410793948,23.57452737291953,42.49797046305551,30.039029063530606
33.07349003856461,167.19833637026895,23.95681176738344,182.71884465124265,42.19016830974577,151.67782808929525,24.039688985383712,43.20799654226447,30.429788714251842
33.57976084656533,167.4980189665251,24.35885379669262,182.95683111939144,42.800667896438036,152.03920681365878,24.50739970559137,43.91729272808156,30.815326324907645
34.08480551565558,167.80155211266646,24.761485800794865,183.19881516473157,43.4081252305163,152.40428906060134,24.977666113886347,44.625876774568624,31.195659331419904
34.58863276430367,168.1088930436511,25.164699118223425,183.44478149637132,44.01256641038391,152.7730045909309,25.450493317608416,45.33376601645488,31.570806867027855
35.091251310977896,168.41999899443712,25.568484591999315,183.69471385318045,44.614018029956476,153.1452841356938,25.92588499758323,46.040977352565726,31.940789661462475
35.59266987414655,168.73482719998256,25.972832618153333,183.9485950162799,45.21250713013977,153.5210593836852,26.403843453919826,46.74752723004709,32.30562994246803
36.09289717227795,169.05333489524548,26.37773319240715,184.20640682288513,45.80806115214875,153.90026296760584,26.884369651067605,47.45343162939522,32.665351339766914
36.59194192384038,169.375479315184,26.78317595500473,184.4681301813709,46.40070789267603,154.28282844899712,27.367463262091082,48.15870605029885,33.01997879154838
37.08981284730214,169.70121769475617,27.18915023369398,184.7337450874304,46.990475460910304,154.66869030208193,27.853122712125337,48.86336549829642,33.36953845354678
37.58651866113154,170.03050726892002,27.595645084865136,185.0032306412081,47.577392237397945,155.05778389663195,28.341345220981488,49.567424472248106,33.71405761076046
38.08206808379688,170.36330527263365,28.002649332859534,185.27656506528973,48.16148683473422,155.45004547997758,28.832126844875695,50.27089695261921,34.053564591851156
38.576469833766446,170.69956894085516,28.410151607468205,185.55372572344083,48.74278806006468,155.84541215826948,29.325462517259815,50.9737963905686,34.38808868624966
39.069732629508536,171.03925550854257,28.818140379644973,185.83468913998902,49.3213248793721,156.2438218770961,29.821346088736966,51.676135697833516,34.717660063984454
39.56186518949146,171.38232221065397,29.22660399546377,186.11943101975302,49.89712638351916,156.6452134015549,30.31977036604831,52.377927237399675,35.04230969823749
40.052876232183515,171.72872628214745,29.635530708353677,186.4079262684254,50.47022175601335,157.0495262958695,30.82072715012181,53.07918281494353,35.36206929062433
40.542774476053005,172.07842495798107,30.0449087096492,186.70014901332308,51.04064024245681,157.45670090263906,31.324207273176867,53.77991367103169,35.67697119918547
41.03156863956822,172.43137547311287,30.45472615749616,186.99607262442487,51.60841112164028,157.86667832180086,31.830200634882146,54.48013047406127,35.987048369067864
41.519267441197464,172.78753506250098,30.86497120415643,187.29566973562052,52.173563678238494,158.27940038938144,32.33869623756657,55.17984331392251,36.29233426587054
42.005879599409035,173.1468609611034,31.275632021756795,187.5989122661012,52.73612717706128,158.69480965610563,32.84968222048657,55.879061696365525,36.59286281161927
42.491413832671235,173.50931040387826,31.686696826529193,187.9057714418273,53.296130838813276,159.1128493659292,33.36314589315434,56.57779453804993,36.8886683233313
42.97587885945236,173.87484062578363,32.09815390159087,188.21621781701313,53.85360381731385,159.53346343455414,33.87907376773543,57.27605016225704,37.17978545412585
43.45928339822072,174.24340886177754,32.509991618314324,188.53022129557377,54.408575178127116,159.9565964279813,34.397451590524206,57.97383629524249,37.46624913683084
43.9416361674446,174.61497234681806,32.92219845633719,188.84775115248436,54.96107387855201,160.38219354115176,34.91826437250914,58.67116006320711,37.748094530033825
44.422945885592306,174.9894883158633,33.33476302226353,189.16877605500528,55.51112874892108,160.81020057672131,35.44149641904062,59.36802798986328,38.02535696652021
44.90322127113214,175.3669140038713,33.74767406710716,189.49326408373165,56.058768475157116,161.24056392401096,35.9671313586152,60.06444599457376,38.29807190404122
45.382471042532394,175.74720664580016,34.16092050252866,189.82118275343024,56.60402158253613,161.6732305381701,36.49515217079251,60.76041939103965,38.566274878348366
45.86070391826137,176.13032347660794,34.574491415916675,190.15249903362897,57.14691642060607,162.1081479195869,37.02554121326074,61.455952886514424,38.83000145843371
46.33792861678738,176.51622173125267,34.98837608436428,190.4871793689298,57.68748114921048,162.54526409357555,37.55828024806885,62.151050581520806,39.08928720390878
46.814153856578706,176.90485864469247,35.40256398759019,190.82518969901724,58.22574372556722,162.9845275903677,38.093350467043116,62.84571597004694,39.34416762445866
47.28938835610365,177.29619145188542,35.81704481985417,191.16649547833973,58.76173189235313,163.4258874254311,38.63073251640803,63.539951940199366,39.59467814130247
47.76364083383052,177.69017738778953,36.23180850091492,191.5110616954423,59.29547316674612,163.86929308013677,39.170406520629854,64.23376077528998,39.84085405059463
48.236920008227614,178.08677368736292,36.64684518607789,191.8588528919337,59.82699483037734,164.31469448279213,39.71235210550413,64.9271441553345,40.082730488699156
48.709234597763235,178.48593758556365,37.06214527537934,192.2098331810719,60.356323920147126,164.7620419900554,40.25654842050629,65.62010315894042,40.32034239926878
49.180593320905665,178.88762631734977,37.47769942195188,192.56396626595554,60.88348721985945,165.211286368744,40.802974160426864,66.31263826556322,40.553724502062664
49.65100489612322,179.29179711767938,37.89349853961548,192.92121545731075,61.40851125263096,165.662378778048,41.35160758631151,67.00474935810914,40.78291126343592
50.12047804188419,179.69840722151056,38.309533809736635,193.28154369086477,61.931422274031746,166.11527075215636,41.90242654572679,67.69643572586462,41.00793686843426
50.58902147665688,180.10741386380136,38.72579668739731,193.64491354429987,62.45224626591645,166.56991418330284,42.45540849237266,68.38769606773172,41.22883519442891
51.056643918909586,180.5187742795098,39.1422789069135,194.01128725378277,62.97100893090567,167.02626130523686,43.0105305050624,69.07852849575033,41.4456397862275
51.52335408711062,180.93244570359406,39.558972486742526,194.3806267300665,63.48773568747871,167.48426467712162,43.5677693060907,69.76893053888811,41.658383832597366
51.98916069972826,181.3483853710121,39.97586973381609,194.75289357416275,64.00245166564042,167.94387716786147,44.127101279010525,70.45889914707995,41.86710014413856
52.36116128861303,181.68274150203874,40.309529188647566,195.05278876175635,64.41279338857849,168.31269424232113,44.57605786515923,71.01055954378712,42.0311950188009
52.73259364559993,182.01850004347074,40.64331059517967,195.35451276567602,64.82187669602018,168.68248732126546,45.026326369377145,71.56193811428089,42.1927492973372
53.10346223454471,182.3556390996066,40.977210422275775,195.65804553549046,65.22971404681364,169.05323266372275,45.47789427461342,72.11303250759153,42.3517792048809
53.47377151930313,182.69413677474486,41.31122526163402,195.96336691556536,65.63631777697223,169.42490663392437,45.93074894941667,72.66384014226561,42.50830078321411
53.84352596373099,183.0339711731841,41.6453518284998,196.2704566495701,66.04170009896218,169.79748569679813,46.384877652968974,73.21435820798867,42.662329885268974
54.21273003168403,183.3751203992228,41.97958696227454,196.5792943848744,66.44587310109353,170.1709464135712,46.84026753999311,73.76458366724987,42.81388216990098
54.58138818701805,183.7175625571595,42.313927627027084,196.8898596768371,66.84884874700901,170.54526543748193,47.29690566553681,74.3145132570461,42.96297309692304
54.94950489358879,184.06127575129278,42.64837091191325,197.20213199298675,67.25063887526433,170.92041950959882,47.754778989637735,74.86414349062206,43.10961792238956
55.317084615252035,184.40623808592113,42.98291403150945,197.51609071709663,67.65125519899462,171.29638545474563,48.213874381873396,75.4134706592438,43.253831694119754
55.684131815863545,184.75242766534308,43.317554326065704,197.83171515315468,68.05070930566139,171.67314017753148,48.67417862579912,75.9624908340026,43.39562924744962
56.0506509592791,185.09982259385714,43.65228926168332,198.14898452923023,68.44901265687488,172.05066065848405,49.135678423278584,76.51119986764724,43.53502520120264
56.416646509354464,185.4484009757619,43.98711643042229,198.46787800123877,68.84617658828664,172.42892395028503,49.59836039870982,77.05959339644122,43.67203395386946
56.7821229299454,185.79814091535584,44.322033550343285,198.7883746566065,69.24221230954751,172.8079071741052,50.06221110315066,77.60766684204347,43.80666967998627
57.14708468490768,186.14902051693755,44.65703846548891,199.11045351783613,69.63713090432645,173.18758751603897,50.52721701834721,78.15541541340926,43.93894632670347
57.5115362380971,186.5010178848055,44.99212914580873,199.43409354597594,70.03094333038547,173.56794222363504,50.99336456066809,78.70283410870968,44.06887761053454
57.875482053369396,186.85411112325826,45.32730368703227,199.75927364399348,70.42366041970652,173.94894860252305,51.460640084948906,79.24991771726731,44.19647701427721
58.238926594580334,187.20827833659436,45.662560310494335,200.08597266005557,70.81529287866633,174.33058401313315,51.92902988824915,79.796660821506,44.3217577840974
58.601874325585705,187.5634976291123,45.99789736291655,200.41416939071703,71.20585128825486,174.71282586750758,52.39852021352544,80.3430577989129,44.44473292676838
58.96432971024129,187.91974710511067,46.333313316148754,200.74384258401935,71.59534610433383,175.095651626202,52.86909725322399,80.88910282401037,44.56541520705622
59.326297212402814,188.27700486888796,46.66880676687414,201.074970942501,71.98378765793149,175.4790387952749,53.34074715279553,81.43478987033684,44.68381714524466
59.68778129592607,188.6352490247427,47.00437643628173,201.40753312612216,72.37118615557041,175.86296492336325,53.81345601413557,81.98011271243378,44.79995101479071
60.04878642466684,188.99445767697347,47.34002116970912,201.74150775510446,72.75755167962456,176.24740759884247,54.28720989895289,82.52506492783807,44.913828840104316
60.40931706248088,189.3546089298787,47.67573993625921,202.07687341268854,73.14289418870256,176.63234444706887,54.76199483206947,83.06963989907752,45.025462394444475
60.76937767322396,189.71568088775703,48.0115318283937,202.41360864781092,73.52722351805421,177.01775312770314,55.23779680465429,83.61383081566841,45.1348631979254
61.12897272075185,190.07765165490696,48.34739606150645,202.75169197770194,73.91054937999724,177.40361133211198,55.71460177739415,84.15763067611344,45.24204251562497
61.48810666892031,190.44049933562698,48.68333197347944,203.09110189040663,74.29288136436118,177.78989678084733,56.192395683603806,84.70103228989875,45.347011355790045
61.84678398158514,190.80420203421568,49.01933902422418,203.43181684723064,74.6742289389461,178.17658722120072,56.6711644322783,85.24402827948873,45.449780468132076
62.20500912260207,191.16873785497154,49.35541679521092,203.77381528511256,75.05460144999323,178.56366042483052,57.15089391109017,85.78661108231736,45.550360342205664
62.56278655582689,191.53408490219317,49.69156498898852,204.11707561892482,75.43400812266526,178.95109418546153,57.63156998933372,86.32877295277487,45.64876120586649
62.92012074511537,191.900221280179,50.02778342869697,204.46157624370446,75.81245806153377,179.33886631665357,58.11317852081912,86.87050596418864,45.74499302380036
63.277016154323285,192.26712509322763,50.36407205757508,204.80729553681633,76.18996025107148,179.72695464963894,58.595705346718454,87.41180201079739,45.83906549611956
63.63347724730638,192.6347744456376,50.700430938465374,205.1542118600494,76.56652355614739,180.11533703122578,59.07913629836654,87.95265280971752,45.93098805702081
63.989508487920446,193.00314744170737,51.03686025331848,205.50230356164852,76.94215672252241,180.50399132176622,59.563457200018114,88.49304990290067,46.02076987349895
64.34511434002124,193.37222218573555,51.3733603026987,205.85154897828355,77.31686837734378,180.89289539318756,60.04865387156428,89.03298465908168,46.10841984411161
64.70029926746454,193.74197678202063,51.70993150529297,206.20192643695637,77.69066702963612,181.2820271270849,60.534712131210014,89.57244827571611,46.19394659779127
65.05506773410613,194.11238933486118,52.04657439742479,206.5534142568488,78.06356107078747,181.67136441287354,61.02161779811516,90.11143178090671,46.2773584926978
65.40942420380175,194.4834379485557,52.38328963257506,206.90599075111172,78.43555877502844,182.06088514599966,61.50935669500054,90.64992603531749,46.358663615108895
65.76337314040717,194.85510072740271,52.7200779809114,207.25963422859792,78.80666829990294,182.4505672262075,61.99791465072189,91.18792173407566,46.437869778342616
66.11691900777818,195.22735577570074,53.05694032882762,207.6143229955394,79.17689768672874,182.8403885558621,62.48727750281291,91.72540940865996,46.51498452170904
66.47006626977056,195.60018119774838,53.39387767849472,207.9700353571711,79.54625486104639,183.23032703832567,62.977431099999976,92.26237942877513,46.590015109486274
66.82281939024003,195.97355509784413,53.730891147425034,208.32674961930226,79.91474763305503,183.620360576386,63.468361304690205,92.79882200421238,46.66296852991613
67.1751828330424,196.3474555802865,54.067981968051086,208.68444408983657,80.28238369803371,184.0104670707364,63.960053995434464,93.33472718669427,46.73385149421776
67.52716106203343,196.72186074937403,54.405151487320055,209.0430970802432,80.6491706367468,184.40062441850486,64.45249506936773,93.87008487170476,46.80267043561298
67.87875854106889,197.0967487094053,54.74240116630561,209.40268690697894,81.01511591583217,184.79081051183164,64.94567044462785,94.40488480030311,46.86943150836194
68.22997973400453,197.47209756467876,55.07973257983807,209.76319189286357,81.380226888171,185.18100323649395,65.43956606275545,94.93911656092179,46.93414058680432
68.58082910469615,197.847885419493,55.41714741615435,210.12459036840943,81.74451079323795,185.57118047057656,65.93416789107572,95.47276959114771,46.99680326440304
68.9313111169995,198.22409037814654,55.75464747656845,210.4868606731061,82.10797475743054,185.961320083187,66.4294619250642,96.00583317948653,47.05742485278782
69.28143023477037,198.60069054493792,56.092234675164164,210.84998115666167,82.47062579437657,186.35139993321417,66.92543419069828,96.53829646710986,47.11601038079459
69.6311909218645,198.97766402416565,56.429911038510404,211.21393018020157,82.8324708052186,186.74139786812972,67.42207074679611,97.07014844958505,47.17256459349858
69.98059764213767,199.35498892012828,56.76767870540088,211.57868611742592,83.19351657887445,187.13129172283064,67.9193576873439,97.60137797858732,47.22709195123747
70.32965485944565,199.73264333712433,57.105539926618604,211.94422735572653,83.5537697922727,187.52105931852213,68.41728114381407,98.13197376359399,47.27959662862247
70.67836703764422,200.11060537945235,57.44349706472634,212.31053229726447,83.91323701056211,187.91067846164023,68.91582728747495,98.66192437356074,47.330082513534194
71.02673864058914,200.48885315141086,57.78155259388406,212.67757936000908,84.27192468729423,188.30012694281265,69.41498233169399,99.19121823857978,47.378553206100776
71.37477413213618,200.8673647572984,58.11970909969419,213.04534697873942,84.62983916457817,188.68938253585736,69.91473253423595,99.71984365151974,47.425012017655604
71.72247797614112,201.2461183014135,58.457969279075556,213.41381360600886,84.98698667320669,189.07842299681815,70.41506419955716,100.24778876964723,47.469461969672835
72.06985463645971,201.62509188805467,58.796335940166784,213.78295771307356,85.34337333275263,189.46722606303578,70.91596368109772,100.77504161623006,47.511905792677425
72.41690857694773,202.00426362152047,59.13481200226026,214.15275779078587,85.6990051516352,189.85576945225506,71.41741738357268,101.30159008212203,47.55234592512801
72.76364426146094,202.3836116061094,59.4734004957671,214.52319235045294,86.05388802715478,190.24403086176588,71.91941176526375,101.82742192732948,47.5907845122704
73.11006615385513,202.76311394612006,59.812104562214216,214.89423992466152,86.40802774549604,190.6319879675786,72.42193334031273,102.35252478255907,47.62722340495927
73.45617871798605,203.1427487458509,60.15092745427404,215.26587906806924,86.76142998169806,191.01961842363255,72.92496868101846,102.8768861507478,47.661664158446285
73.80198641770947,203.5224941096005,60.48987253582779,215.63808835816351,87.11410029959114,191.4068998610375,73.42850442013768,103.40049340857433,47.69410803113249
74.14749371688117,203.9023281416674,60.82894328206304,216.0108463959876,87.46604415169931,191.79380988734718,73.93252725319196,103.92333380795237,47.724555983283324
74.49270507935692,204.28222894635007,61.168143279606106,216.3841318068353,87.81726687910773,192.18032608586483,74.43702394078178,104.44539447750604,47.75300867570411
74.83762496899247,204.66217462794714,61.507476226690194,216.7579232409143,88.16777371129476,192.56642601497998,74.94198131090847,104.96666242402725,47.77946646837404
75.18225784964363,205.04214329075702,61.84694593336001,217.1321993739778,88.51756976592725,192.95208720753624,75.44738626130591,105.48712453391545,47.80392941903827
75.52660818516613,205.4221130390784,62.186556321713155,217.5069389079267,88.8666600486191,193.3372871702301,75.95322576178289,106.0067675745998,47.82639728175437
75.87068043941574,205.80206197720963,62.52631142617961,217.88212057137974,89.21504945265185,193.72200338303952,76.45948685657721,106.52557819594408,47.84686950539344
76.21447907624824,206.1819682094494,62.86621539383939,218.25772312021522,89.56274275865708,194.10621329868357,76.96615666672301,107.04354293163446,47.86534523209309
76.55800855951942,206.56180984009615,63.20627248477937,218.63372533808092,89.90974463425947,194.48989434211137,77.47322239243239,107.56064820055063,47.8818232956622
76.90127335308502,206.94156497344844,63.546487072489754,219.01010603687547,90.25605963368028,194.8730239100214,77.98067131549199,108.07688030811998,47.896302219934
77.24427792080081,207.3212117138048,63.8868636443011,219.38684405719906,90.60169219730052,195.25557937041052,78.48849080167675,108.59222544765612,47.90878021706848
77.58702672652257,207.70072816546377,64.22740680186219,219.76391826877463,90.94664665118295,195.6375380621529,78.99666830318057,109.10666970168094,47.91925518580143
77.92952423410607,208.08009243272386,64.56812126165968,220.14130757083913,91.29092720655245,196.0188772946086,79.50519136106625,109.62019904323155,47.92772470963831
78.27177490740709,208.45928261988362,64.90901185558003,220.51899089250472,91.63453795923415,196.39957434726253,80.01404760773504,110.13279933715178,47.934186054994484
78.61378321028137,208.8382768312416,65.25008353151425,220.89694719308991,91.97748288904849,196.77960646939326,80.52322476941698,110.64445634136887,47.93863616927706
78.9555536065847,209.21705317109627,65.59134135400643,221.2751554624204,92.31976585916297,197.15895087977214,81.0327106686835,111.15515570815624,47.94107167891062
79.29709056017285,209.59558974374625,65.93279050494624,221.65359472109924,92.66139061539945,197.53758476639325,81.54249322698256,111.66488298538161,47.94148888730368
79.63839853490158,209.97386465349,66.27443628430635,222.03224402074602,93.00236078549682,197.915485286234,82.0525604671983,112.1736236177424,47.93988377275579
79.97948199462668,210.3518560046261,66.61628411092524,222.41108244420494,93.34267987832813,198.29262956504724,82.56290051623553,112.68136294798794,47.936251986304796
80.32034540320387,210.72954190145305,66.95833952333597,222.790089105721,93.68235128307178,198.6689946971851,83.07350160763018,113.18808621812903,47.93058884951279
80.66099322448898,211.1069004482694,67.30060818064173,223.16924315108395,94.02137826833622,199.04455774545488,83.58435208418706,113.69377857063621,47.92288935219011
81.00142992233775,211.48390974937365,67.64309586343855,223.54852375773933,94.35976398123695,199.41929574100797,84.09544040064536,114.1984250496262,47.91314815005751
81.34165996060594,211.8605479090644,67.9858084747857,223.9279101348664,94.69751144642618,199.79318568326238,84.60675512637347,114.70201060203838,47.90135956234502
81.68168780314933,212.2367930316401,68.3287520412249,224.30738152342127,95.03462356507376,200.16620453985894,85.11828494809352,115.20452007880056,47.887517569327656
82.02151791382369,212.61262322139933,68.67193271384818,224.68691719614563,95.3711031137992,200.53832924665303,85.63001867263674,115.70593823598617,47.87161580979716
82.3611547564848,212.98801658264063,69.01535676941559,225.06649645753959,95.706952743554,200.90953670774167,86.14194522973091,116.2062497359624,47.85364757846929
82.7006027949884,213.3629512196625,69.3590306115229,225.44609864379748,96.0421749784539,201.27980379552753,86.65405367482016,116.70543914853076,47.833605823327645
83.03986649319029,213.7374052367635,69.70296077182033,225.8257031227063,96.37677221456025,201.64910735082069,87.1663331919186,117.20349095206075,47.811483142902006
83.37895031494622,214.11135673824214,70.04715391128232,226.2052892935053,96.71074671861012,202.01742418297897,87.67877309649828,117.70038953461707,47.7872717834822
83.71785872411198,214.48478382839698,70.39161682152928,226.5848365867055,97.04410062669467,202.38473107008846,88.19136283841236,118.19611919508165,47.76096363626806
84.05659618454331,214.8576646115265,70.73635642620181,226.96432446386805,97.37683594288481,202.75100475918495,88.70409200485452,118.69066414427151,47.73255023445404
84.395167160096,215.22997719192927,71.08137978238769,227.34373241734036,97.7089545378043,203.11622196651817,89.21695032335505,119.18400850605293,47.70202275025028
84.73357611462582,215.60169967390385,71.42669408210244,227.72303996994813,98.0404581471492,203.48035937785957,89.72992766481512,119.67613631845333,47.669371991839085
85.07182751198852,215.97281016174873,71.77230665382373,228.10222667464166,98.3713483701533,203.8433936488558,90.2430140465787,120.1670315347719,47.63458840026908
85.4099258160399,216.34328675976246,72.11822496408026,228.481272114096,98.70162666799955,204.20530140542894,90.75619963554432,120.6566780246898,47.59766204628497
85.7478754906357,216.71310757224356,72.46445661909532,228.86015590026156,99.0312943621761,204.56605924422556,91.26947475131641,121.14505957538148,47.55858262709663
86.08568099963169,217.08225070349056,72.81100936648588,229.2388576738649,99.3603526327775,204.9256437331162,91.78282986939708,121.63215989262804,47.51733946308613
86.42334680688367,217.450694257802,73.15789109701724,229.61735710385688,99.6888025167501,205.28403141174715,92.29625562441925,122.11796260193404,47.473921494454316
86.7608773762474,217.81841633947644,73.50510984641356,229.9956338868065,100.01664490608123,205.64119879214638,92.80974281342151,122.60245124964925,47.42831727780887
87.09827717157863,218.18539505281234,73.85267379722511,230.37366774623837,100.34388054593215,205.9971223593863,93.3232823991651,123.08560930409624,47.380514982693796
87.43555065673313,218.5516085021083,74.20059128075191,230.7514384319117,100.67051003271435,206.3517785723049,93.83686551349408,123.56742015670613,47.330502388062996
87.77270229556667,218.91703479166284,74.54887077902457,231.128925719038,100.99653381210878,206.7051438642877,94.35048346073869,124.04786712316303,47.27826687869887
88.10973655193506,219.28165202577446,74.89752092684215,231.50610940743564,101.32195217702797,207.05719464411328,94.8641277211624,124.52693344455956,47.22379544157778
88.44665788969401,219.64543830874172,75.24655051386729,231.88296932061846,101.64676526552073,207.40790729686498,95.37778995445339,125.0046022885653,47.16707466218517
88.69927747546403,219.91771953764578,75.50857708713734,232.16538965344324,101.88997786379072,207.67004942184832,95.7630435099796,125.36192666055797,47.123049648679654
88.95183793862428,220.18951180294997,75.77082595725666,232.44760803144496,102.1328499199919,207.93141557445497,96.14829921021881,125.71844828625717,47.07774563392334
89.20434116236392,220.46080586740527,76.03330100819394,232.72961596689095,102.37538131653389,208.1919957679196,96.53355374236249,126.07415998557587,47.03115650659208
89.4567890298721,220.73159249376263,76.29600617537993,233.0114049783613,102.61757188436427,208.45178000916397,96.9188038543503,126.42905455652811,46.98327602413116
89.70918342433792,221.001862444773,76.5589454462643,233.2929665904562,102.85942140241154,208.7107582990898,97.30404635574494,126.78312477552461,46.93409781183499
89.96152622895062,221.27160648318727,76.82212286088289,233.57429233348884,103.10092959701835,208.9689206328857,97.6892781186158,127.13636339767216,46.88361536191988
90.2138193268993,221.54081537175642,77.08554251243466,233.85537374316343,103.34209614136394,209.22625700034942,98.07449607842997,127.48876315707761,46.83182203259105
90.46606460137313,221.8094798732314,77.34920854786928,234.1362023602374,103.58292065487699,209.4827573862254,98.45969723495203,127.84031676715652,46.77871104710408
90.71826393556127,222.07759075036313,77.61312516848444,234.41676973016806,103.82340270263809,209.7384117705582,98.84487865315127,128.19101692094677,46.72427549282139
90.97041921265283,222.3451387659026,77.87729663053325,234.69706740274268,104.0635417947724,209.9932101290625,99.23003746411739,128.54085629142762,46.66850832026387
91.22253231583701,222.6121146826007,78.14172724584174,234.9770869316915,104.3033373858323,210.24714243350988,99.61517086598425,128.88982753184456,46.61140234215941
91.47460512830294,222.8785092632084,78.40642138243587,235.25681987428356,104.54278887417001,210.50019865213324,100.0002761248612,129.23792327604,46.552950232487404
91.72663953323978,223.14431327047663,78.6713834651787,235.5362577909042,104.78189560130085,210.75236875004907,100.38535057577275,129.58513613879074,46.49314452552116
91.97863741383668,223.40951746715635,78.93661797641691,235.8153922446142,105.02065685125645,211.0036426896985,100.77039162360599,129.9314587161521,46.431977614868174
92.23060065328279,223.6741126159985,79.20212945663694,236.09421480068963,105.25907184992865,211.25401043130736,101.15539674406583,130.27688358580943,46.36944175250963
92.48253113476727,223.938089479754,79.46792250513067,236.3727170261419,105.49713976440387,211.5034619333661,101.540363484638,130.62140330743725,46.305529047838775
92.73443074147927,224.2014388211738,79.73400178067008,236.65089048921743,105.73485970228846,211.7519871531302,101.92528946555967,130.96501042306656,46.24023146670109
92.90234758993917,224.3766518636627,79.91154930723047,236.83615265534664,105.89314587264786,211.91715107197874,102.18188300007824,131.19357113937775,46.19592633725787
93.0702521112329,224.55157916492905,80.08922755506482,237.0212624597109,106.05127666740098,212.0818958701472,102.43845672789405,131.42172071197325,46.150999616009614
93.23814486334241,224.72621798801015,80.26703794948715,237.20621740424957,106.20925177719768,212.24621857177073,102.69500999903458,131.64945691850022,46.10544881491148
93.40602640424972,224.90056559594328,80.4449819280176,237.39101499078623,106.36707088048183,212.41011620110032,102.95154217854765,131.87677753337493,46.05927141693405
93.57389729193675,225.0746192517658,80.62306094047605,237.57565272095084,106.52473364339744,212.57358578258075,103.20805264663312,132.1036803278365,46.01246487593764
93.74175808438547,225.24837621851503,80.80127644907658,237.7601280960993,106.68223971969435,212.73662434093077,103.46454079877573,132.33016307000128,45.9650266165485
93.9096093395779,225.42183375922826,80.97962992852257,237.94443861723147,106.83958875063323,212.89922890122506,103.72100604587783,132.556223524918,45.916954034034404
94.07745161549597,225.59498913694284,81.15812286610246,238.12858178490671,106.99678036488949,213.06139648897897,103.97744781439334,132.78185945462465,45.86824449418151
94.24528547012166,225.76783961469602,81.3367567617863,238.31255509915727,107.15381417845701,213.22312413023477,104.23386554646191,133.00706861820524,45.81889533317124
94.41311146143694,225.9403824555252,81.51553312832293,238.4963560593995,107.31068979455095,213.3844088516509,104.49025870004368,133.23184877184863,45.76890385745864
94.58093014742379,226.11261492246766,81.69445349133764,238.67998216434242,107.46740680350993,213.5452476805929,104.74662674905505,133.45619766890812,45.71826734365112
94.7487420860642,226.28453427856067,81.87351938943073,238.8634309118944,107.62396478269767,213.70563764522694,105.00296918350425,133.68011305996183,45.66698303838814
94.9165478353401,226.45613778684165,82.05273237427637,239.04669979906723,107.78036329640382,213.86557577461608,105.25928550962814,133.90359269287478,45.615048158221555
95.08434795323346,226.62742271034782,82.23209401072232,239.22978632187747,107.9366018957446,214.02505909881816,105.51557525002913,134.12663431286188,45.56245988949766
95.2521429977263,226.79838631211655,82.41160587689005,239.41268797524583,108.09268011856254,214.18408464898727,105.77183794381267,134.3492356625521,45.50921538823991
95.41993352680055,226.96902585518512,82.59126956427535,239.5954022528935,108.24859748932575,214.34264945747674,106.02807314672548,134.57139448205416,45.4553117800327
95.50382727242507,227.05422324940605,82.681158841949,239.686688342256,108.32649570290114,214.4217581565561,106.15618030486054,134.68230723609585,45.428111904216735
95.58772009843818,227.1393386025909,82.77108667784964,239.77792664723626,108.40435351902673,214.50075055794554,106.28428043129381,134.79310850902326,45.400746159906845
95.67161207458764,227.22437157261936,82.86105327472094,239.8691168541645,108.48217087445434,214.57962629107422,106.41237347523571,134.90379801767116,45.37321417918915
95.75550327062119,227.30932181737114,82.95105883616155,239.96025864927554,108.55994770508083,214.65838498546674,106.54045938696277,135.01437547872956,45.34551559222629
95.83939375628657,227.39418899472588,83.04110356662821,240.05135171870532,108.63768394594493,214.73702627074644,106.66853811782198,135.12484060874596,45.317650027253706
95.92328360133152,227.47897276256322,83.13118767143908,240.14239574848725,108.71537953122396,214.8155497766392,106.79660962023533,135.23519312412753,45.28961711057627
96.00717287550383,227.56367277876282,83.22131135677694,240.23339042454873,108.79303439423072,214.8939551329769,106.92467384770389,135.3454327411435,45.261416466564754
96.09106164855118,227.6482887012044,83.31147482969223,240.32433543270736,108.87064846741012,214.97224196970143,107.0527307548125,135.45555917592725,45.23304771765282
96.17494999022135,227.73282018776757,83.40167829810662,240.4152304586672,108.94822168233608,215.05040991686795,107.18078029723398,135.56557214447875,45.2045104843331
96.25883797026209,227.81726689633206,83.49192197081588,240.5060751880151,109.0257539697083,215.128458604649,107.30882243173349,135.67547136266683,45.17580438515435
96.34272565842114,227.90162848477743,83.58220605749335,240.5968693062167,109.10324525934894,215.20638766333818,107.43685711617314,135.78525654623158,45.14692903671809
96.42661312444626,227.98590461098345,83.67253076869312,240.68761249861282,109.1806954801994,215.28419672335409,107.5648843095162,135.8949274107866,45.117884053675056
96.51050043808519,228.0700949328297,83.76289631585324,240.77830445041536,109.25810456031714,215.36188541524405,107.69290397183161,136.00448367182162,45.08866904872224
96.59438766908566,228.15419910819588,83.853302911299,240.86894484670344,109.33547242687233,215.43945336968832,107.82091606429844,136.11392504470476,45.05928363259949
96.67827488719543,228.23821679496172,83.94375076824619,240.95953337241943,109.41279900614467,215.516900217504,107.94892054921011,136.22325124468495,45.02972741408661
