0.1413439513963285,0.00435880119583364,0.1260049988204329,0.25388779056154726,0.1566829039722241,-0.24517018816987998,0.1387267036391317,0.17244924140065215,3.5176383833792357
0.2966269891222756,0.019057732015030516,0.2649824483862847,0.2670468911361667,0.32827152985826646,-0.22893142710610567,0.27847465451736275,0.3448520271092128,7.271901839945414
0.4516790716920327,0.043869810373217924,0.4044907898913319,0.28937595298618324,0.4988673534927335,-0.20163633223974736,0.4199679697203263,0.5177067361190516,10.880027070667538
0.6064730298687409,0.07852409297393195,0.5446294639238505,0.32075409390531945,0.6683165958136312,-0.16370590795745554,0.5638376185173426,0.6914766450855643,14.322188869481124
0.7609816944155411,0.12274963652070867,0.6854510205442687,0.3610668983893184,0.8365123682868135,-0.11556762534790105,0.710619833295848,0.8665874333008515,17.585141836223812
0.9151778960955743,0.17627549771708412,0.8269656528377874,0.41019556983452565,1.0033901393533613,-0.05764457440035739,0.860758802147908,1.0434247585018224,20.661670370396962
1.0550622536285892,0.23277790375830226,0.9561961882763759,0.4623982450213791,1.1539283189808025,0.003157562495225419,1.0004643652204237,1.20597421893961,23.294931999628773
1.1946455108228755,0.2965390389445125,1.0859404503396684,0.5216683569493923,1.3033505713060827,0.07140972093963274,1.1434530429738665,1.370462387334344,25.773856146491084
1.3339072550286524,0.3673553395668765,1.216146078766781,0.5878826743020981,1.4516684312905237,0.14682800483165492,1.289888551427977,1.537086815603961,28.10213198982163
1.472827073596138,0.4450232419165556,1.3467513818682408,0.6609049686915012,1.598902765324035,0.22914151514161013,1.43989143518867,1.7060156401259892,30.285079409407572
1.6113845538755516,0.5293391822847116,1.4776890061239525,0.7405866686872719,1.7450801016271507,0.31809169588215125,1.5935441817577631,1.877388338134697,32.32914135073372
1.7495592832171112,0.6200995969625059,1.6088888487622066,0.8267680001359674,1.8902297176720158,0.4134311937890445,1.7508959627719929,2.0513168582968704,34.24146142097868
1.873572416517606,0.7071257503019069,1.7271344932509207,0.9097483912612538,2.020010339784291,0.50450310934256,1.895692422498638,2.2101092072688093,35.85611144672008
1.9972441064904258,0.7990586432842128,1.8454844566716482,0.997726730019053,2.1490037563092033,0.6003905565493727,2.0434988239870777,2.3710871379178813,37.37568106155673
2.12055947231388,0.8957498779656803,1.96388922964496,1.0905688582064712,2.2772297149828002,0.7009308977248894,2.194297686357881,2.53428109117086,38.80567286474147
2.243503633166278,0.9970510564025662,2.082301051662522,1.1881367118467279,2.404706214670034,0.8059654009584046,2.3480586998485427,2.6997074450033827,40.151455855774515
2.3660617082259296,1.1028137806511271,2.2006741649394117,1.290289007082915,2.5314492515124476,0.9153385542193392,2.5047402497888616,2.8673695342945167,41.41820523110357
2.4882188166711434,1.2128896527676207,2.3189649403974704,1.396881841097278,2.6574726929448165,1.0288974644379634,2.6642907469421857,3.037258645542396,42.6108620008134
2.60996007768023,1.3271302748083027,2.437131910135025,1.507769208881128,2.7827882452254347,1.1464913407354773,2.826649786671292,3.209354971933145,43.73410811455091
2.7178133955660018,1.4320538607906341,2.54203343116193,1.609821698472548,2.8935933599700734,1.2542860231087203,2.9732717390186627,3.3641584208297433,44.677849648252845
2.825315933675081,1.540046636064516,2.6467797515375295,1.715046155114561,3.0038521158126326,1.365047117014471,3.1220064569811097,3.52065498254606,45.57315034571741
2.9324572407307796,1.651004376011023,2.751345825674269,1.8233373540977154,3.11356865578729,1.4786713979243304,3.27279751609237,3.678811981267747,46.42275281663581
3.039226865456409,1.7648228560112293,2.855707761817163,1.9345895741848678,3.222745969095655,1.595056137837591,3.4255849771121683,3.838591766911438,47.22923185211036
3.1456143565752823,1.8813978514462106,2.959842750138733,2.0486967164811647,3.3313859630118317,1.7140989864112566,3.580305722578928,3.999952098637743,47.994999636928696
3.25160926281071,2.000625137697041,3.0637289892720188,2.1655524029233417,3.439489536349401,1.8356978724707405,3.736893755949784,4.162846500402878,48.7223121026596
3.3572011328860043,2.1224004901447957,3.1673456134207476,2.2850500574008374,3.547056652351261,1.9597509228887542,3.8952804679825617,4.327224589694737,49.41327600648617
3.4623795155244776,2.2466196841705486,3.2706726215406094,2.407082972180791,3.654086409508346,2.0861563961603062,4.05539487442351,4.493032380817152,50.06985641583512
3.5671339594494422,2.373178495155375,3.373690809592326,2.531544361974451,3.7605771093065585,2.214812628336299,4.2171638285415405,4.660212564214792,50.693884355632804
3.6714540133842095,2.5019726984803503,3.4763817064953724,2.658327407667721,3.8665263202730467,2.34561798929298,4.380512211590575,4.828704763391912,51.28706443633598
3.775329226052092,2.6328980695265485,3.578727514135174,2.7873252914511086,3.9719309379690095,2.4784708476019883,4.545363103881152,4.998445770988647,51.85098232940214
3.8787491461764008,2.765850383675044,3.6807110515752495,2.9184312248273505,4.076787240777552,2.6132695425227377,4.711637938794475,5.169369765552307,52.38711199489916
3.981703322480448,2.900725416306912,3.78231570348201,3.051538470748939,4.181090941478886,2.7499123618648853,4.879256641771051,5.3414085104895666,52.89682259547874
4.084181303687546,3.037418942803227,3.883525372670136,3.1865403609413883,4.284837234704956,2.888297524665066,5.0481377560458345,5.514491536616654,53.38138505362966
4.1734506923617545,3.1584355773428756,3.9717475316736834,3.3061374221805155,4.3751538530498255,3.0107337325052357,5.196879299160506,5.666738847567921,53.78567675737983
4.262340490867271,3.2806948769214945,4.059645123264401,3.4270321174050347,4.4650358584701415,3.1343576364379544,5.34646790264916,5.8196803823875385,54.17235360197424
4.350843697665221,3.4041270191869524,4.14720819236579,3.549153158146263,4.554479202964652,3.2591008802276416,5.49684677844941,5.973265295200739,54.542103124626806
4.43895331121673,3.5286621817871193,4.234427002923383,3.6724293171689393,4.643479619510078,3.3848950464052994,5.647958549859555,6.127441760122904,54.895567658551414
4.5266623299829245,3.6542305423698624,4.321292022134511,3.7967894307432215,4.732032637831338,3.5116716539965034,5.799745293243195,6.282157033858105,55.233346751944424
4.613963752424927,3.78076227858305,4.40779390598958,3.922162400297374,4.820133598860274,3.639362156868726,5.952148576738806,6.437357513815324,55.555999415886305
4.700850577003863,3.908187568074551,4.493923486036734,4.0484771935779404,4.907777667970993,3.767897942571161,6.105109496272778,6.592988792083782,55.864046205995834
4.787315802180858,4.036436588492234,4.579671757285864,4.175662845425492,4.994959847075853,3.8972103315589752,6.258568709145335,6.748995705583235,56.15797114312093
4.8733524264170365,4.165439517483967,4.665029867172805,4.303648458258193,5.081674985661268,4.027230576709741,6.412466465433269,6.905322382680933,56.43822347852978
4.958953448173524,4.295126532697619,4.74998910550977,4.4323632023420885,5.167917790837278,4.15788986305315,6.5667426374311075,7.0619122865442545,56.70521930904994
5.044111865911446,4.4254278117810575,4.834540895353624,4.561736315915805,5.253682836469268,4.28911930764631,6.721336747332926,7.21870825547683,56.959343047418656
5.128820678091927,4.556273532382152,4.9186767847292,4.691697105228075,5.338964571454653,4.420849959536229,6.876187993340041,7.3756525404661435,57.200948752796535
5.213072883176092,4.687593872148769,5.002388439150507,4.822174944538723,5.423757327201677,4.553012799758815,7.031235274365174,7.53268684015215,57.430361325976264
5.296861479625065,4.819319008728779,5.0856676348882335,4.9530992761275074,5.508055324361896,4.68553874133005,7.1864172134910556,7.689752333409384,57.64787757331811
5.380179465899972,4.95137911977005,5.168506252937496,5.084399610350044,5.591852678862448,4.818358629190056,7.341672180330633,7.846789709719054,57.85376714286065
5.463019840461938,5.08370438292045,5.250896273645106,5.216005525776076,5.675143407278771,4.951403240064824,7.496938312426966,8.003739197492868,58.04827333541684
5.545375601772088,5.216224975827847,5.332829771961,5.347846669442221,5.757921431583176,5.0846032822134735,7.65215353582338,8.160540590496682,58.23161379276323
5.627239748291547,5.348871076140111,5.414298913283633,5.479852757249083,5.840180583299461,5.217889395031139,7.807255584928373,8.317133272509176,58.403981064270596
5.70860527848144,5.481572861505109,5.495295949874312,5.611953574531141,5.921914607088568,5.351192148479077,7.962182021795152,8.473456240339038,58.565543052504125
5.789465190802892,5.614260509570709,5.575813217820598,5.744078976827003,6.003117163785185,5.484442042314415,8.11687025493229,8.629448125312924,58.71644333744399
5.869812483717029,5.746864197984782,5.65584313453406,5.876158890877479,6.083781832899997,5.617569505092085,8.271257557760098,8.785047213336163,58.8568013780187
5.949640155684973,5.8793141043951955,5.735378196772917,6.008123315879345,6.163902114597029,5.750504892911046,8.425281086826548,8.940191463618232,58.98671258861509
6.028941205167851,6.011540406449814,5.81441097918557,6.139902325023786,6.243471431150133,5.883178487875843,8.578877899897348,9.094818526146002,59.10624828710229
6.107708630626789,6.14347328179651,5.892934133376598,6.271426067350119,6.322483127876979,6.0155204962429005,8.731984974036719,9.248865757978614,59.215455509668544
6.1859354305229095,6.275042908083153,5.970940387502866,6.402624769947642,6.400930473542953,6.147461046218663,8.884539223799123,9.402270238429525,59.31435668641399
6.26361460331734,6.406179462957606,6.04842254641373,6.533428740541385,6.4788066602209495,6.278930185373827,9.036477519657144,9.554968783192889,59.402949170121246
6.340739147471204,6.536813124067742,6.125373492356368,6.663768370501111,6.556104802586041,6.409857877634374,9.187736706797695,9.70689795746323,59.4812046089381
6.417302061445627,6.66687406906143,6.2017861862749095,6.793574138317133,6.632817936616344,6.540173999805727,9.338253624427395,9.857994088089285,59.54906815179797
6.504105842569544,6.814724295981776,6.28844697273827,6.941180817613117,6.719764712400818,6.688267774350435,9.509283054193487,10.029573345581808,59.61379480689129
6.590156469764279,6.96163106436505,6.374385396927543,7.087896040216961,6.805927542601016,6.835366088513139,9.679166310920358,10.199885346922734,59.66467103470194
6.675443491753143,7.107490149592324,6.45959135410516,7.233616493679498,6.891295629401125,6.98136380550515,9.847809294845622,10.368834010055767,59.701476352672756
6.759956457259449,7.252197327044677,6.544054896689858,7.3782390508650675,6.975858017829039,7.126155603224287,10.015118053748157,10.536322917462131,59.72393538015038
6.843684915006507,7.395648372103183,6.627766244767593,7.521660783564354,7.05960358524542,7.269635960642013,10.180998831735566,10.702255330413733,59.73171396183076
6.926618413717631,7.5377390601489145,6.71071579893101,7.663778978144364,7.142521028504253,7.411699142153465,10.345358122042724,10.866534201172433,59.724414607325684
7.008746502116133,7.678365166562948,6.792894155788066,7.804491153515155,7.2245988484442,7.552239179610741,10.508102724608849,11.029062183043095,59.701571150512876
7.090058728925324,7.817422466726358,6.874292126556241,7.943695081738885,7.305825331294407,7.69114985171383,10.669139809323143,11.189741638142715,59.6626425134977
7.170544642868515,7.954806736020217,6.9549007592511565,8.081288811661087,7.386188526485874,7.828324660379346,10.828376985977924,11.348474642693937,59.60700543732531
7.250193792669021,8.090413749825604,7.034711365091906,8.217170696007946,7.465676220246137,7.9636568036432624,10.985722382149152,11.505162989587241,59.53394601415434
7.32899572705015,8.224139283523588,7.113715549885323,8.351239422468755,7.5442759042149765,8.097039144578421,11.141084730445128,11.659708187878596,59.442649822273154
7.406939994735217,8.355879112495249,7.191905251325213,8.483394049371654,7.621974738145221,8.228364175618843,11.294373466833274,11.812011458794974,59.332190424686104
7.4840161444475335,8.48552901212166,7.269272783359157,8.6135340466651,7.69875950553591,8.35752397757822,11.445498842085554,11.961973727704537,59.20151594218265
7.56967612754535,8.628757258666496,7.3553194904565435,8.757408850712524,7.784032764634156,8.500105666620469,11.612818462219174,12.12775929491661,59.028852282276404
7.654209290615153,8.769060131156674,7.4403068875856,8.898465548269648,7.868111693644706,8.6396547140437,11.777162925934011,12.290314238865584,58.82714749066895
7.737600752835255,8.906289231648463,7.524226321104481,9.036563372918208,7.950975184566029,8.776015090378719,11.938409495685768,12.449495987802182,58.594164304546865
7.819835633383963,9.040296162198107,7.6070702344964,9.171562627969895,8.032601032271527,8.90902969642632,12.096437842508006,12.605161337003903,58.327322770282166
7.9008990514395885,9.170932524861872,7.68883237814275,9.303324843660253,8.112965724736426,9.038540206063491,12.251130473664752,12.757166365177175,58.02364289304208
7.98957747923781,9.31195041060275,7.778404829013994,9.445764131115446,8.200750129461625,9.178136690090053,12.418960212959501,12.921591786756958,57.638801464011124
8.076770873009986,9.448420330375995,7.866632376859218,9.583852277993584,8.286909369160755,9.312988382758407,12.582380176910645,13.081119595468339,57.198665340106714
8.162458820106336,9.580138720472762,7.953514965891884,9.71740658191895,8.371402674320787,9.442870859026574,12.741246905832373,13.235548019261953,56.696666432585886
8.246620907877077,9.706902017184218,8.039057049361704,9.846247790848906,8.45418476639245,9.56755624351953,12.895425854963227,13.384673065115164,56.124986202098626
8.337412474406298,9.840375557420288,8.131617392322074,9.982320561523805,8.543207556490522,9.69843055331677,13.059461147072115,13.54233832779493,55.404435819737216
8.42630588260844,9.96733617927597,8.222592032092868,10.112252248461271,8.630019733124014,9.822420110090668,13.21752938271863,13.693056019933444,54.5730668821937
8.521083742625386,10.098092345705242,8.320073778734093,10.246736196625557,8.722093706516679,9.949448494784926,13.383021264802329,13.849214169110335,53.517630492784804
8.613535030664439,10.220423398000458,8.415789586593045,10.373383325265763,8.811280474735833,10.067463470735152,13.541156615573627,13.996377387825305,52.27735488990348
8.711024210504426,10.34303322178449,8.517621391589959,10.501448339863346,8.904427029418894,10.184618103705633,13.704109486229358,14.145186224722352,50.67929514166315
8.812861196536279,10.463041945136123,8.62536770046719,10.628408776549772,9.000354692605367,10.297675113722473,13.869925563263264,14.292481884656725,48.588124378961055
8.918283529688495,10.577155799819982,8.739067132740649,10.751458648520261,9.09749992663634,10.402852951119703,14.036748114949946,14.434558000099962,45.79630021314301
9.033064015475615,10.687543874011645,8.866758242180236,10.874205037001234,9.199369788770994,10.500882711022056,14.213154554087266,14.57461187214459,41.69944276899534
9.155322165332297,10.78591978788915,9.010333315129069,10.989581844533841,9.300311015535526,10.582257731244457,14.396774011495681,14.702688653175217,35.44740583127927
9.288759783846968,10.865087293219563,9.183547471489753,11.091869940987085,9.393972096204184,10.638304645452042,14.597862445259285,14.809901528967261,24.888215769062697
9.434933393049398,10.907744037024958,9.41005679488442,11.156503267735577,9.459809991214376,10.65898480631434,14.834819165206842,14.876810271040569,5.710747089781734
9.582825386666592,10.886097246482901,9.681061898410839,11.11598762853557,9.484588874922345,10.656206864430231,15.112140588672238,14.9014016215232,-23.137935697628834
9.705736579679483,10.796113759584411,9.889270993556465,10.96586392577824,9.5222021658025,10.626363593390582,15.370615522787315,14.952032763932383,-47.234399265251895
9.795061820712391,10.670155236391896,10.013087945844275,10.792485154073454,9.577035695580507,10.547825318710338,15.584653813826979,15.050615034400618,-60.704124689504724
9.860752189310396,10.53030407411659,10.09308541437613,10.622614813093996,9.628418964244663,10.437993335139183,15.773498139541513,15.174104769085735,-68.33106400588298
9.910318221073801,10.38754176378983,10.149471733975808,10.460381294723447,9.671164708171794,10.314702232856213,15.946371414054457,15.306409624738984,-73.06071758734117
9.94941233640208,10.243965618937864,10.192300091513522,10.30317320643241,9.706524581290639,10.184758031443318,16.110419381757,15.4426386728327,-76.3004597631356
9.982274503108835,10.094667756792454,10.227476844013376,10.14341005890195,9.737072162204294,10.045925454682958,16.275131348118663,15.586235657802018,-78.75707515885797
10.011275022819838,9.934939861875689,10.257726107169068,9.976914413964883,9.764823938470608,9.892965309786495,16.437675341202155,15.736312801833282,-80.33436112611321
10.035562215413053,9.786648951231717,10.28252116767445,9.82552408335951,9.788603263151657,9.747773819103925,16.591315682476917,15.883684418214909,-81.05417358980056
10.058710502540576,9.63350465664368,10.30612205954451,9.669386705928646,9.811298945536642,9.597622607358714,16.74944529080017,16.03576960896443,-81.74794037454522
10.07955832958979,9.48382075215767,10.327355675253486,9.516933823323404,9.831760983926095,9.450707680991934,16.903563891031375,16.18430371821939,-82.38867645805627
10.099208000610215,9.330333667587446,10.347353204303088,9.360730343133014,9.851062796917342,9.299936992041879,17.061223076569842,16.33649070175295,-83.01631547941452
10.117576551933285,9.173324504973545,10.366035498421594,9.20104005854765,9.869117605444975,9.14560895139944,17.22216995936071,16.49204192745595,-83.63497918063197
10.133721398121994,9.021584835026976,10.382448685947075,9.046778808337658,9.884994110296912,8.996390861716295,17.377448144386943,16.642250003969256,-84.21614840094327
10.148571428548102,8.867175379226063,10.397540720989095,8.889853373436999,9.89960213610711,8.844497385015128,17.535231797835547,16.794978674774104,-84.79543209107862
10.162056101716486,8.710335150123715,10.411242219221178,8.730491509986994,9.912869984211794,8.690178790260436,17.69530369248685,16.94998764752741,-85.3754830901136
10.173474369438512,8.560191706573942,10.422842733772953,8.57795174230493,9.924106005104072,8.542431670842955,17.848388128813788,17.098263526141473,-85.9262682371986
10.183552425281617,8.4082946157777,10.433081313946374,8.423635206435518,9.93402353661686,8.392954025119883,18.003137441020986,17.248160222488234,-86.48198548717858
10.192230843600123,8.25484522695866,10.441898335221708,8.267734898303791,9.942563351978539,8.241955555613528,18.15936971169092,17.399478739445996,-87.04459455147222
10.199450198748364,8.100044889340486,10.449233824359935,8.110443945852438,9.949666573136794,8.089645832828534,18.316903858198664,17.55202117397569,-87.61602398896054
10.205151065080665,7.944094952146854,10.455027457624164,7.951955515068642,9.955274672537167,7.936234389225065,18.475559858189186,17.70559073844567,-88.19819471472408
10.209274016951357,7.787196764601427,10.459218550152354,7.792462723482329,9.95932948375036,7.781930805720526,18.635158976151935,17.85999179711272,-88.79304186134667
10.211759628714768,7.629551675927878,10.461746036665785,7.63215855907595,9.961773220763751,7.626944792779806,18.795523995471342,18.01502991720241,-89.40253556399968
10.212548474725226,7.471361035349875,10.462548443358909,7.471235802935106,9.962548506091544,7.471486267764644,18.95647946009361,18.170511934514483,-90.0287011564983
10.211581129337063,7.312826192091087,10.461563850502252,7.309886954290692,9.961598408171874,7.315765429891482,19.117851929857935,18.326246033918192,-90.67363920346399
10.208798166904604,7.154148495375182,10.458729844983992,7.148304156882167,9.958866488825215,7.159992833868197,19.279470253571954,18.482041845525274,-91.33954574812341
10.204140161782178,6.995529294425831,10.453983461704034,6.986679125831002,9.954296861860321,7.004379463020659,19.441165864051403,18.637710557755604,-92.02873312175134
10.197547688324116,6.837169938466701,10.447261112405018,6.825203074475175,9.947834264243214,6.8491368024582275,19.602773099582762,18.793065048965104,-92.74365163567566
10.188961320884745,6.679271776721464,10.438498500168201,6.664066640903042,9.93942414160129,6.694476912539886,19.764129556597055,18.947920039807816,-93.4869124567216
10.178321633818395,6.522036158413786,10.427630517410677,6.503459814264013,9.929012750226114,6.540612502563559,19.925076478756978,19.10209226907913,-94.26131194856734
10.165569201479395,6.365664432767338,10.414591124788213,6.343571861355727,9.916547278170576,6.387757004178949,20.085459188152033,19.2554006964616,-95.06985774087083
10.150644598222073,6.210357949005789,10.399313207933615,6.184591254531542,9.90197598851053,6.236124643480036,20.24512756485804,19.407666736401605,-95.91579676052945
10.133488398400756,6.056318056352807,10.381728408447314,6.026705602687428,9.885248388354198,6.085930510018186,20.403936581735785,19.558714528324302,-96.80264541905943
10.114041176369774,5.903746104032062,10.361766925018175,5.870101588036299,9.866315427721373,5.937390620027825,20.56174690199694,19.70837124959542,-97.73422208887096
10.092243506483458,5.752843441267223,10.33935728001515,5.714964912640471,9.845129732951765,5.790721969893975,20.718425547720965,19.856467479122873,-98.71468190845728
10.068035963096134,5.6038114172819595,10.314426046404673,5.561480260349845,9.821645879787596,5.646142574214074,20.87384664811303,20.0028376213368,-99.74855381780127
10.039711725904171,5.448275502088496,10.285195661139616,5.400971828432849,9.794227790668726,5.495579175744143,21.036908571306398,20.155757245224116,-100.90695823060403
10.008548598000736,5.295301520254346,10.25296032232301,5.242738139333668,9.764136873678462,5.347864901175023,21.198299446617273,20.30637556844151,-102.13720978916557
9.974476037890705,5.145128484332417,10.217623056064248,5.086994780224433,9.731329019717162,5.203262188440402,21.35790273486215,20.454514260554976,-103.44635306180001
9.93742350407895,4.997995406875619,10.179082352749836,4.933956349581949,9.695764655408064,5.0620344641692885,21.515616012837516,20.60000318958076,-104.84210795903525
9.895001646584525,4.846250350138854,10.134807081759945,4.77558668719723,9.655196211409105,4.916914013080478,21.67994531654779,20.750522879874417,-106.41870671156795
9.849097948921342,4.698439816854699,10.08671052278153,4.620720676718329,9.611485375061154,4.776158956991069,21.84199222031613,20.897736048407367,-108.11206403119208
9.799629447420838,4.554844909063685,10.034650971329802,4.469610624298058,9.564607923511874,4.640079193829312,22.00170123560118,21.04148379437889,-109.93397992426867
9.743614966690526,4.4085556628235185,9.975403277337128,4.314885074869804,9.511826656043924,4.502226250777233,22.1672602386869,21.188900641326484,-112.00468160457612
9.68346187356872,4.26757680375061,9.911406326423466,4.164905841873596,9.455517420713976,4.370247765627624,22.330203062672194,21.332189567077066,-114.24780027313767
9.61574106543603,4.125623050148393,9.838874045743077,4.012876994344676,9.392608085128982,4.23836910595211,22.49852911254399,21.478092823833205,-116.8068482412248
9.543238736734757,3.9902650110814015,9.760625436613982,3.86680237415986,9.325852036855533,4.113727648002943,22.66413158259751,21.61927393343833,-119.59398267752078
9.462033384621908,3.8559492115104597,9.672223834446362,3.720597910066425,9.251842934797454,3.9913005129544943,22.834883935592327,21.762116761014486,-122.7793486160289
9.375328553108993,3.7297251831469893,9.576924389745978,3.5818768870775584,9.173732716472008,3.8775734792164203,23.00310337022715,21.89987817676767,-126.25593523358941
9.278662672896306,3.6068892015191514,9.469559688482285,3.445463275967006,9.087765657310328,3.768315127071297,23.176640474621607,22.038706280395065,-130.2184571669036
9.17569806247198,3.493872924276495,9.353935966348848,3.3185696167732406,8.997460158595112,3.6691762317797494,23.348280465404695,22.172639349258766,-134.52442283972084
9.061382081462972,3.386951632718114,9.22414860493714,3.1971963723532624,8.898615557988803,3.576706893082966,23.525984924030105,22.30785843261088,-139.3779709106853
8.939880295830733,3.291831986020026,9.084798123363008,3.088119386352441,8.794962468298458,3.4955445856876106,23.702996801935594,22.439423258464448,-144.5725723347214
8.811025496105337,3.2090805324557934,8.93581631651544,2.9924535462759243,8.686234675695234,3.4257075186356625,23.880139449327825,22.568628467164594,-150.05534141892235
8.674650472816852,3.139263820298975,8.777342497910277,2.9113288559292863,8.571958447723427,3.367198784668664,24.058305285339348,22.697068276948773,-155.74690519784048
8.53058801649535,3.08294839782313,8.609724709942745,2.8458041721919476,8.451451323047957,3.3200926234543124,24.238454858823747,22.82659530868573,-161.5457836049949
8.38515979613058,3.042172877269911,8.440979330750128,2.7984841833285277,8.329340261511032,3.285861571211294,24.41391861350912,22.953626279216696,-167.0983528536015
8.232370683199402,3.0148159377001376,8.26480820002414,2.7669292549149485,8.199933166374665,3.2627026204853267,24.593146068244113,23.085382974560545,-172.54485009442425
8.07920107091014,3.001664398067957,8.089787682880518,2.7518886513530516,8.068614458939761,3.2514401447828627,24.76909037517425,23.21753330520679,-177.57300153244046
7.9262731696254285,3.0007515015614956,7.92118386022613,2.750803309069855,7.931362479024727,3.2506996940531363,24.93946549087349,23.357231375291487,-181.1664643734611
7.769829263757148,3.007288090096337,7.754085022212602,2.7577843449176584,7.785573505301694,3.2567918352750156,25.106707344686065,23.503168208442812,-183.61070379041143
7.613759684029276,3.0204265491870874,7.587609595365482,2.771797965024132,7.63990977269307,3.269055133350043,25.273778213825477,23.649379620052667,-186.00414177783216
7.458146392710298,3.040025960565258,7.421872365526654,2.7926715691510764,7.494420419893943,3.2873803519794396,25.440839986614105,23.796061363930978,-188.34284467090777
7.303071352068703,3.065945405962361,7.2569815770655355,2.8202306676169426,7.349161127071871,3.3116601443077798,25.608041022020597,23.943387911109607,-190.62376883415627
7.1486165243729785,3.0980439671099087,7.093039122957534,2.854299936512426,7.204193925788423,3.3417879977073914,25.775516126970484,24.09151276212421,-192.84472355946815
6.994863871891613,3.136180725739413,6.930140925415332,2.8947041426108857,7.059586818367894,3.3776573088679402,25.943386616190484,24.240569006110086,-195.00431480650803
6.841895356893094,3.180214763582386,6.768377454402273,2.941268916132906,6.915413259383914,3.419160611031866,26.111760453741905,24.39067007697468,-197.1018753977542
6.698714699382654,3.2269194938316454,6.6172427887373795,2.9905673671735413,6.780186610027928,3.4632716204897496,26.270774855401978,24.53298115037801,-199.01936121292482
6.556369576895526,3.2786057998197258,6.46725713358954,3.0450271782636475,6.645482020201512,3.512184421375804,26.430387910632476,24.676366322072585,-200.88232382004588
6.414928321907129,3.33515619707121,6.318485652454997,3.104507521573286,6.511370991359262,3.5658048725691343,26.590658478728447,24.82087701568807,-202.69159321706
6.27445926689288,3.3964532011106807,6.170991169085173,3.1688694742406454,6.377927364700586,3.624036927980716,26.75163591605843,24.966552335862986,-204.44832564100858
6.135030744328194,3.4623793274627204,6.024834608828386,3.237976092813779,6.245226879828002,3.6867825621116617,26.913360416371326,25.113419884995277,-206.15394871853715
5.996711086688492,3.532817091651911,5.880075402703663,3.311692427217138,6.1133467706733216,3.753941756086684,27.075863379402737,25.261496569273106,-207.8101110417619
5.859568626449191,3.6076490092028353,5.736771849103506,3.3898854872954365,5.9823654037948755,3.825412531110234,27.23916780144243,25.41078938293786,-209.418636731415
5.723671696085708,3.686757595640076,5.5949814311375174,3.4724241738235877,5.852361961033898,3.9010910174565643,27.403288681785657,25.56129616274941,-210.98148522858193
5.589088628073458,3.770025366488215,5.454761089987361,3.5591791843749783,5.723416166159556,3.9808715486014514,27.568233439435982,25.713006307187893,-212.5007163090977
5.455887754887863,3.857334837271835,5.316167456320738,3.650022902814811,5.595608053454988,4.064646771728858,27.734002334999207,25.865901457038877,-213.97846013420985
5.332328016793179,3.942753673787309,5.187763561235177,3.738790152075169,5.476892472351181,4.146717195499448,27.89015348999791,26.010294322009685,-215.32810020118848
5.21009946043482,4.03152472357224,5.06088565207792,3.8309374871995567,5.359313268791719,4.232111959944922,28.047012962649845,26.155680153052767,-216.64500078886516
5.089258390037525,4.1235511824018865,4.935580445824357,3.926363227743357,5.242936334250693,4.320739137060416,28.20456578657892,26.30202811340654,-217.93098046758587
4.969861109826036,4.2187362460515105,4.81189485682161,4.024966633078419,5.1278273628304625,4.412505859024602,28.36279271046925,26.449303118272628,-219.1878541660086
4.851963924025092,4.316983110296372,4.689876054795686,4.1266478202194365,5.014051793254497,4.507318400373307,28.521670485346526,26.59746618960307,-220.41742530420484
4.735623136859432,4.418194970911729,4.56957150932274,4.2313076867203865,4.901674764396123,4.605082255103072,28.681172144126382,26.74647478714484,-221.6214797780254
4.620895052553797,4.5222750236728455,4.451029022927054,4.3388478392675704,4.7907610821805395,4.705702208078121,28.841267272842483,26.89628311725073,-222.80178155321147
4.507835975332925,4.629126464354979,4.334296754754669,4.449170528300923,4.681375195911181,4.809082400409035,29.00192227321962,27.046842421035226,-223.96006964853174
4.396502209421557,4.73865248873339,4.219423236554176,4.5621785887701565,4.5735811822889385,4.915126388696623,29.1631006164745,27.198101243478607,-225.0980563093187
4.286950059044434,4.850756292583339,4.106457382485216,4.677775386965148,4.467442735603653,5.02373719820153,29.324763088411853,27.35000568507366,-226.21742619497172
4.179235828426294,4.965341071680087,3.995448494077409,4.7958647732400665,4.363023162775179,5.134817370120108,29.486868026039105,27.50249963757829,-227.3198364254862
4.073415821791878,5.082310021798892,3.8864462614817645,4.9163510403684105,4.260385382101991,5.248269003229374,29.64937154605132,27.65552500539005,-228.40691735228566
3.9695463433659253,5.201566338715017,3.7795007619949526,5.039138887213219,4.159591924736898,5.363993790216814,29.812227765644028,27.80902191400294,-229.4802739372814
3.8676836973731747,5.3230132182037195,3.6746624566949313,5.164133387365971,4.060704938051418,5.481893049041468,29.975389016197525,27.962928906946477,-230.54148764094705
3.7678841880383684,5.446553856040261,3.5719821859037957,5.291239962393666,3.963786190172941,5.601867749686855,30.13880605044505,28.117183132545875,-231.59211873524956
3.670204119586244,5.5720914479999015,3.4715111640893945,5.420364359331045,3.8688970750830936,5.723818536668758,30.30242824379301,28.271720521783138,-232.63370897050038
3.574699796241542,5.699529189857901,3.373300974730051,5.551412632060393,3.776098617753033,5.847645747655409,30.466203790505112,28.42647595848388,-233.66778453667243
3.481427522229003,5.82877027738952,3.2774035655948683,5.684291126231463,3.685451478863138,5.973249428547577,30.630079895497598,28.58138344300497,-234.6958592695253
3.3904436017733657,5.959717906370019,3.1838712448343025,5.818906467386391,3.597015958712429,6.100529345353648,30.79400296252079,28.736376250555434,-235.71943806012587
3.3018043390993714,6.092275272574658,3.092756678230224,5.955165551966898,3.510851999968519,6.229384993182418,30.957918779524785,28.891387085247523,-236.74002043309235
3.215566038431758,6.226345571778697,3.004112887920147,6.092975540892017,3.4270191889433694,6.359715602665376,31.12177270202621,29.046348230947647,-237.75910426426952
3.131785003995267,6.3618319997573956,2.917993252885362,6.232243855402442,3.345576755105172,6.491420144112349,31.28550983530848,29.20119169997838,-238.77818961257222
3.0505175400146367,6.4986377522860135,2.834451511475961,6.372878174871312,3.2665835685533122,6.624397329700715,31.449075216302226,29.355849380712858,-239.7987826435074
2.9718199507146084,6.636666025139815,2.7535417662360815,6.514786436279504,3.1900981351931352,6.758545614000125,31.612413996004452,29.510253185103124,-240.82239962339733
2.8957485403199197,6.775820014094055,2.6753184912888455,6.657876835045166,3.116178589350994,6.893763193142944,31.775471623306448,29.664335197193246,-241.85057096358176
2.8223596130553137,6.916002914923995,2.5998365425413614,6.802057826881366,3.044882683569266,7.029948002966624,31.938194031110154,29.818027823687853,-242.88484529284298
2.751709473145528,7.057117923404897,2.5271511709744074,6.947238130330722,2.9762677753166487,7.166997716479073,32.100527825621235,29.971263947677013,-243.92679353389946
2.683854424815303,7.19906823531202,2.457318039287912,7.093326729590826,2.9103908103426943,7.304809741033214,32.26242047971353,30.12397708665925,-244.97801295595397
2.6188507722893775,7.341757046420625,2.390393242180288,7.240232877197458,2.847308302398467,7.443281215643792,32.423820531263175,30.27610155605692,-246.0401311698211
2.556754819792493,7.485087552505972,2.3264333305455107,7.387866096072465,2.7870763090394757,7.582309008939478,32.58467778735029,30.427572639481767,-247.1148100249204
2.497622871549389,7.628962949343319,2.2654953398741444,7.53613618036821,2.7297504032246334,7.721789718318428,32.7449435352199,30.578326767084505,-248.20374935819348
2.441511231784804,7.77328643270793,2.2076368231407244,7.684953194448585,2.6753856404288836,7.861619670967274,32.904570760880226,30.728301703409414,-249.30869053353877
2.388476204723479,7.917961198375061,2.1529158884465196,7.8342274692362075,2.624036521000438,8.001694927513915,33.06351437619194,30.877436746274928,-250.4314196963712
2.338574094590154,8.062890442119976,2.101391241659496,7.98386959502458,2.5757569475208117,8.141911289215372,33.221731455265264,31.025672938312056,-251.57377065110504
2.2918612056095675,8.207977359717933,2.0531222342470516,8.133790409701318,2.5306001769720834,8.282164309734549,33.379181480927066,31.172953292914272,-252.73762724940613
2.248393842006461,8.353125146944192,2.008168916425224,8.28390098115298,2.488618767587698,8.422349312735404,33.535826601944564,31.319223036483546,-253.92492515364893
2.2082283080055722,8.498236999574015,1.9665920956426408,8.434112582423477,2.4498645203685037,8.562361416724553,33.69163190159123,31.464429868994443,-255.1376528128747
2.1690878605731783,8.65287429692809,1.9260345910032652,8.59434987338223,2.4121411301430915,8.71139872047395,33.856862897250096,31.618089825520844,-256.4615590867147
2.133836555659319,8.807243082525765,1.8894648331877968,8.754494042190407,2.3782082781308413,8.859992122861124,34.02106827573882,31.770427813081575,-257.8192637761882
2.1025427257394123,8.961225871891621,1.856959987015256,8.914437855896681,2.3481254644635685,9.00801388788656,34.1842189356702,31.921391966718296,-259.2133716485731
2.0752747032888763,9.114705180550239,1.828598575042271,9.074074062509204,2.3219508315354815,9.155336298591273,34.34629117613999,32.07093533393461,-260.64654390013067
2.052100820783127,9.267563524026203,1.804460585445062,9.233295261133145,2.299741056121192,9.30183178691926,34.50726715205735,32.21901641668331,-262.12148844852095
2.033089410697584,9.419683417844098,1.7846275790708344,9.391993740621697,2.2815512423243334,9.4473730950665,34.66713534461411,32.365599762662605,-263.6409463520837
2.0183088055076617,9.570947377528501,1.7691827911789668,9.550061282041337,2.2674348198363563,9.591833473015665,34.82589104459546,32.51065660987781,-265.2076736435834
2.0078273376887816,9.721237918604,1.7582112219328356,9.70738892026787,2.257443453444728,9.73508691694013,34.98353684535411,32.65416558806795,-266.82441780501136
2.0014777883258903,9.87972363074259,1.7515524114773566,9.873615766376178,2.2514031651744237,9.885831495109004,35.14983115849115,32.804933242568396,-268.600041304653
2.000255488,10.031744512,1.7502883294365095,10.03579662745921,2.2502226465634907,10.02769239654079,35.311165514555086,32.94481527940786,89.07128287678816
2.009105408,10.182894592,1.7604486942297317,10.208775834183692,2.257762121770268,10.157013349816308,35.484047929813336,33.07367396119119,84.05780965009097
2.033077312,10.334922688,1.788714385054215,10.387712459116088,2.2774402389457853,10.282132916883914,35.664893525639286,33.19968928544188,77.80971380125027
2.075656,10.484344,1.8405166730837765,10.569252756541275,2.3107953269162236,10.399435243458726,35.85349299292076,33.32110294820213,70.14536054125355
2.137541,10.622459000000001,1.9180635421965628,10.742165497384814,2.3570184578034374,10.502752502615188,36.042943874909824,33.4339391905367,61.39124641953339
2.2200835120000004,10.747916488000001,2.023527378458477,10.902401718255863,2.4166396455415238,10.59343125774414,36.23483306415377,33.54235925119517,51.83407495962956
2.3245296640000004,10.859470336000001,2.157278181974729,11.045284602837482,2.491781146025272,10.67365606916252,36.43069691708732,33.652448629480446,41.99038814739785
2.4471250000000007,10.952875,2.3117064489379904,11.163022129479005,2.582543551062011,10.742727870520996,36.62507845422755,33.76689627947695,32.79768206723928
2.581451192000001,11.026548808000001,2.4761214361067316,11.253276932685635,2.6867809478932707,10.799820683314367,36.812844993523335,33.88625314240514,24.917891001517106
2.724870592000001,11.083129408000001,2.6461064830936585,11.320397642595763,2.803634700906344,10.84586117340424,36.99583229875418,34.01240071149472,18.364220793646552
2.8750000000000013,11.125,2.818785123325312,11.368597798923656,2.931214876674691,10.881402201076344,37.17536345194351,34.14538741251686,12.99461679191647
3.0227548160000017,11.153245184,2.984541597972596,11.400307423057265,3.0609680340274075,10.906182944942733,37.34437618167663,34.27798323468626,8.79229104643531
3.172353944000002,11.171646056,3.1490681372781664,11.420559236055443,3.1956397507218375,10.922732875944558,37.510400338344056,34.4141314615663,5.344460659653478
3.3221896240000017,11.181810376,3.311265066198542,11.43157157001709,3.3331141818014616,10.93204918198291,37.673224466115435,34.55234709820377,2.5045217307747265
3.4788157040000023,11.185184296,3.4786488427406845,11.435184240314634,3.47898256525932,10.935184351685365,37.840907223278265,34.69865824999919,0.0382417865319411
3.6335503360000025,11.182449664,3.6422992967309322,11.432296528471277,3.624801375269073,10.932602799528723,38.004830374103015,34.84487009484948,-2.0055236059799313
3.7851760000000025,11.174824,3.801344269150808,11.424300626305286,3.769007730849197,10.925347373694713,38.164307530001274,34.98959209720963,-3.708082315804461
3.941415424000003,11.162584576,3.964124432447761,11.411551041483445,3.9187064155522453,10.913618110516556,38.327812713486395,35.14006574970448,-5.211705315079342
4.092959000000003,11.147041,4.121132435374376,11.39544844260027,4.06478556462563,10.89863355739973,38.4858512469534,35.28719346315996,-6.470621390551258
4.2481324160000025,11.127867584,4.281155393920736,11.375676952122449,4.215109438079269,10.880058215877552,38.647289940983164,35.438926626221665,-7.590492659307316
4.397282624000003,11.106717375999999,4.43436728507711,11.353951532039968,4.360197962922896,10.85948321996003,38.80221288827499,35.585701937537195,-8.530660824253573
4.549242688000004,11.082757311999998,4.589950287334054,11.329420830495252,4.508535088665954,10.836093793504745,38.95988691630184,35.73609227055333,-9.371220961442347
4.703816000000004,11.056183999999998,4.747748964880907,11.302293517485149,4.659883035119101,10.810074482514848,39.120159129206804,35.8898662454973,-10.121250613091988
4.860805952000004,11.027194047999998,4.907602284445258,11.27277520214191,4.81400961955475,10.781612893858087,39.282862771251565,36.046789511133376,-10.788568630467765
5.010003992000003,10.997996008,5.0591832842425735,11.243111077333813,4.960824699757433,10.752880938666186,39.43744696619333,36.19655476275999,-11.345053312055029
5.160991232000004,10.967008768,5.212284091284397,11.211690280555468,5.109698372715611,10.722327255444531,39.59385591462249,36.348683277981436,-11.83953499709132
5.313605672000005,10.934394328,5.366761532563447,11.178677881453277,5.260449811436563,10.690110774546723,39.751927464962954,36.50297727639811,-12.276137124417602
5.467685312000004,10.900314688,5.522469797641402,11.144238159877979,5.412900826358606,10.656391216122021,39.911493556920234,36.6592380726205,-12.65840527048185
5.623068152000004,10.864931848,5.679260718180739,11.108534794423116,5.566875585819268,10.621328901576883,40.072381000272514,36.81726631904546,-12.98936927473288
5.769125000000004,10.830874999999999,5.826443154386109,11.074215562130053,5.7118068456139,10.587534437869945,40.22357811157209,36.966177741055894,-13.254251494707958
5.916044248000004,10.795955752,5.974314097926191,11.039070178946611,5.857774398073817,10.552841325053388,40.37562406914546,37.116292161619455,-13.478436956815145
6.0636941840000045,10.760305815999999,6.122748503170609,11.003230881374687,6.0046398648294,10.51738075062531,40.528368819793165,37.267446942133326,-13.663387927031252
6.211943096000005,10.724056903999998,6.271620081056918,10.96682975555988,6.152266110943092,10.481284052440115,40.68166006607986,37.41947956326979,-13.81029449814659
6.360659272000005,10.687340727999999,6.420801377194572,10.929998773782053,6.300517166805438,10.444682682217945,40.835343554836626,37.57222776891261,-13.920091434619692
6.509711000000005,10.650288999999999,6.570163832716092,10.892869821617456,6.449258167283918,10.407708178382542,40.98926333568455,37.72552971265712,-13.99347126597408
6.658966568000006,10.613033431999998,6.719577829057677,10.855574717213463,6.598355306942334,10.370492146786534,41.143261994191874,37.87922410911344,-14.030893906078518
6.808294264000005,10.575705736,6.868912717549358,10.818245223690736,6.7476758104506525,10.333166248309263,41.297180863678975,38.03315039229265,-14.0325930021488
6.957562376000006,10.538437623999998,7.018036834400503,10.78101305532223,6.897087917599508,10.295862192677767,41.450860219191505,38.187148883464275,-13.998579147970645
7.106639192000005,10.501360808,7.1668175013785005,10.744009877811417,7.046460882621509,10.258711738188582,41.604139456761594,38.341060971052514,-13.928640029393392
7.255393000000005,10.464606999999999,7.315121012194171,10.707367302684219,7.195664987805839,10.22184669731578,41.75685726075799,38.49472930538481,-13.822337505174701
7.403692088000007,10.428307911999998,7.462812604323189,10.67121687550213,7.344571571676824,10.185398948497864,41.90885176188173,38.64799801143025,-13.679001561357396
7.551404744000005,10.392595256,7.609756415705413,10.635690057279634,7.493053072294598,10.149500454720366,42.059960688189655,38.80071292306939,-13.497721011107629
7.698399256000005,10.357600743999999,7.755815425470379,10.600918198128037,7.640983086529632,10.114283289871961,42.2100215114216,38.95272184293546,-13.277330742942652
7.844543912000006,10.323456087999999,7.900851377535804,10.567032501728699,7.788236446464208,10.079879674271298,42.35887159087092,39.10387483247115,-13.016395247219663
8.000034752000005,10.287965247999999,8.054953144667204,10.53185860614419,7.945116359332805,10.044071889855807,42.516825523849825,39.26470729061938,-12.689860959423626
8.154236792000006,10.253763207999999,8.207546690927588,10.498013191984299,8.100926893072424,10.009513224015699,42.6730031358358,39.42421060078052,-12.312268718993977
8.306988032000007,10.221011968,8.358456382177566,10.465656626494724,8.255519681822447,9.976367309505275,42.82720510377157,39.58221178568991,-11.880631867380359
8.458126472000007,10.189873527999998,8.507504249113014,10.434948690200043,8.408748694887,9.944798365799953,42.97923277717767,39.73854303029144,-11.39145303208251
8.607490112000008,10.160509887999998,8.654509711672514,10.406048392611062,8.560470512327502,9.914971383388934,43.12888842187536,39.89304246555675,-10.840662936675542
8.764672576000006,10.131327423999998,8.808857527602973,10.377391826244295,8.72048762439704,9.885263021755701,43.28568517890654,40.05564828817576,-10.179920013591712
8.919454784000006,10.104545216,8.960445823171925,10.351161790275953,8.878463744828087,9.857928641724047,43.43932282916943,40.215815483832884,-9.437065518749407
9.071640128000006,10.080359871999999,9.109042850565604,10.327546110178181,9.034237405434407,9.833173633821817,43.589567132952055,40.373377832251215,-8.604377760753195
9.221032000000008,10.058968,9.25441132366682,10.30672962082039,9.187652676333196,9.81120637917961,43.73618684858017,40.528183063327994,-7.67289096039606
9.376480136000009,10.039519863999999,9.405055233212057,10.287881422658584,9.34790503878796,9.791158305341414,43.88774440123802,40.68949089055333,-6.563274205106595
9.528316928000006,10.023683072,9.551478433555554,10.272607849112285,9.505155422444458,9.774758294887716,44.034686155613834,40.84739360406847,-5.315849213031868
9.684886976000007,10.011113024,9.701568512511226,10.260555855806459,9.668205439488787,9.761670192193542,44.18495199657329,41.010750941110324,-3.825969251905306
9.836864000000007,10.003136,9.846195190725997,10.252961797065945,9.827532809274018,9.753310202934054,44.329455461918165,41.17007779209398,-2.139048246781428
9.991992008000008,10.000007992,9.99249026199524,10.25000749548542,9.991493754004775,9.750008488514581,44.47542574594554,41.333841886231866,-0.11419147980635103
10.144841908610019,9.994770835,10.165190586981254,10.243941321391436,10.124493230238784,9.745600348608566,44.64741201230193,41.462851430078096,-4.668738409892626
10.296210473896114,9.968435965,10.372734334101386,10.206436172603446,10.219686613690842,9.730435757396553,44.85823353673693,41.55598629038774,-17.82408038618162
10.395254376064361,9.86897516,10.645141989020876,9.861479768689648,10.145366763107846,9.876470551310351,45.334206645193085,41.738321265565695,-91.71807461168017
10.326409753409807,9.738524045,10.514704909157643,9.574070603801896,10.138114597661971,9.902977486198104,45.65368073671258,41.81827023371451,-131.13335043892738
10.21713874190717,9.63317204,10.379337373211499,9.442931129565356,10.054940110602843,9.823412950434644,45.84289014656796,41.935625987718474,-139.54922421704492
10.098952747563397,9.53942176,10.248659866474597,9.339202433891584,9.949245628652196,9.739641086108415,46.01050448285352,42.07182711805768,-143.21396060985316
9.972864669494609,9.449056254999999,10.114992509438073,9.243387401954612,9.830736829551144,9.654725108045385,46.17568161864279,42.218627877486625,-145.35351655129665
9.848096464580516,9.365102555,9.985394578520026,9.156178578614682,9.710798350641006,9.574026531385318,46.332501442780185,42.363971028824075,-146.68837031569376
9.7175473323488,9.280945,9.851353157781181,9.069767347109455,9.58374150691642,9.492122652890544,46.49253926654889,42.51581558462218,-147.64094354738424
9.583904263531632,9.197450559999998,9.715156742714086,8.984676532664754,9.452651784349179,9.410224587335243,46.65363106285081,42.67097182030114,-148.33108915472948
9.449492338328891,9.115390625,9.578872073683746,8.901472687277359,9.320112602974037,9.329308562722641,46.8137490497735,42.82676690300701,-148.83402634241477
9.316310481538018,9.035449104999998,9.444323165303247,8.820710303673309,9.188297797772789,9.250187906326687,46.9710632708341,42.98094374849055,-149.19947502796825
9.186065231287772,8.958230079999998,9.313093484978292,8.742907478389446,9.059036977597252,9.17355268161055,47.12396004507703,43.131593174810206,-149.46177985052756
9.05106337519723,8.878914055,9.177358560340897,8.663160662884076,8.924768190053564,9.094667447115922,47.28169833487961,43.287667567697454,-149.656648940673
8.921164404909984,8.803083124999999,9.046977906424482,8.587048491580584,8.795350903395486,9.019117758419414,47.43293439020753,43.437818774452076,-149.78448216406642
8.787874614120733,8.725595994999999,8.913384054869178,8.509384570040512,8.662365173372288,8.941807419959487,47.587703919723154,43.591912950565195,-149.86509086089126
8.651557380889933,8.646534984999999,8.776926735447292,8.43024230149482,8.526188026332575,8.862827668505178,47.74566768278731,43.749578895622896,-149.90220656490231
8.512576083278043,8.565982414999999,8.637958769814873,8.349697459636,8.387193396741214,8.782267370363998,47.906482288845666,43.91044888482556,-149.89867486983835
8.381454220952442,8.489919999999998,8.506979658350254,8.273717861791127,8.25592878355463,8.706122138208869,48.058059840079856,44.062378326879546,-149.86085167612598
8.248639544400964,8.412708384999998,8.374428458524037,8.196659434334325,8.122850630277892,8.628757335665671,48.21151708670504,44.21646628954582,-149.79100291055312
8.114422994439503,8.334413479999998,8.240592891259668,8.11858679690361,7.988253097619338,8.550240163096387,48.36657294753358,44.372425089566526,-149.6899150359796
7.979095511883951,8.255101194999998,8.105761976695158,8.039565567568635,7.852429047072746,8.470636822431361,48.5229451249707,44.529969059466566,-149.55800162182192
7.842948037550212,8.174837439999997,7.970225927727143,7.959662305116552,7.71567014737328,8.390012574883443,48.68035036267315,44.68881457448522,-149.39533064874018
7.706271512254177,8.093688124999998,7.834276076819752,7.878944483766136,7.5782669476886015,8.30843176623386,48.838504661196865,44.84868012787012,-149.20164133712103
7.569356876811742,8.011719159999998,7.698204831178233,7.797480497159767,7.440508922445251,8.22595782284023,48.99712346078871,45.009286452772734,-148.9763517932015
7.4324950720388046,7.928996454999997,7.562305652805637,7.715339690255752,7.302684491271972,8.142653219744242,49.155921798347975,45.170356691201256,-148.71855826054926
7.295977038751259,7.845585919999998,7.426873061055975,7.632592419289757,7.165081016446543,8.058579420710238,49.314614443987296,45.33161661252047,-148.4270263437151
7.160093717765003,7.761553464999997,7.292202656149892,7.549310141432876,7.027984779380113,7.9737967885671175,49.47291602141209,45.49279488599291,-148.10017419984928
7.0251360498959325,7.676964999999997,7.1585911627791425,7.465565537263382,6.8916809370127226,7.888364462736613,49.63054111540706,45.653623413963594,-147.73604734516704
6.891394975959943,7.5918864349999975,7.026336493418725,7.381432670800064,6.756453458501161,7.802340199199931,49.787204368995575,45.81383773463317,-147.33228437288113
6.759161436772932,7.506383679999997,6.8957378312892095,7.296987193733073,6.622585042256655,7.715780166266922,49.94262057227183,45.97317750607593,-146.8860725062728
6.628726373150792,7.4205226449999975,6.7670957330358235,7.212306602762598,6.490357013265761,7.628738687237397,50.09650474446804,46.13138708639329,-146.39409149404986
6.5003807259094195,7.3343692399999965,6.640712251045243,7.127470561770643,6.360049200773596,7.54126791822935,50.248572210496704,46.28821622882617,-145.85244387345827
6.374415435864716,7.247989374999997,6.516891074779369,7.042561304094725,6.231939796950063,7.453417445905269,50.39853867301363,46.44342091549754,-145.25656905666622
6.25112144383257,7.161448959999996,6.3959376893567015,6.95766413467609,6.106305198308439,7.365233785323902,50.546120281025246,46.596764359475934,-144.6011380132441
6.121664441067375,7.068147639999997,6.26924007237385,6.86635211714457,5.974088809760899,7.269943162855424,50.70206225287912,46.759560236587724,-143.82152075247697
5.996006312282029,6.974818879999997,6.14661181202125,6.775274440217027,5.845400812542808,7.174363319782968,50.85455663333463,46.91966055707446,-142.95644180709172
5.874510435536986,6.8815449999999965,6.028442831127439,6.684555615545442,5.720578039946533,7.078534384454551,51.00325117400762,47.07680895395671,-141.99504781188108
5.74936794681095,6.781763124999997,5.90722848540147,6.587907378745441,5.59150740822043,6.975618871254553,51.157951054865315,47.241637398316435,-140.8433976056114
5.629867635844178,6.682239999999997,5.792072682353881,6.492004559330322,5.467662589334475,6.872475440669671,51.30745511992933,47.4025428830394,-139.54729209069038
5.5164564417598605,6.583076874999996,5.683467618458316,6.397046590213359,5.349445265061405,6.769107159786634,51.45133467107503,47.55930059325512,-138.0836668793286
5.402699634828004,6.477813754999996,5.575400843943765,6.297053437535254,5.2299984257122425,6.658574072464738,51.59812649443982,47.72173686487613,-136.3061475409357
5.290588022199685,6.366684159999996,5.470037936101718,6.192621733265928,5.111138108297652,6.5407465867340635,51.74597592919483,47.88877283248807,-134.12688654019178
5.188134561038731,6.2564331249999965,5.3751215502646,6.090493781081067,5.0011475718128615,6.422372468918926,51.88486856478355,48.050034274014386,-131.5870651222428
5.09090452478068,6.140818134999996,5.286777530086632,5.985467673808487,4.8950315194747285,6.296168596191506,52.02151487802918,48.214596151994456,-128.4185770260669
4.997365269902337,6.013918834999995,5.204177450964421,5.873459866741133,4.790553088840253,6.154377803258857,52.159996328780856,48.390408363830545,-124.18285591470581
4.916690551291505,5.8826979199999965,5.135929862644018,5.762555819312205,4.697451239938991,6.002840020687788,52.289473628215184,48.56801891232851,-118.72253187368713
4.850379907760384,5.741681814999996,5.083365787024651,5.651030945928286,4.6173940284961175,5.832332684071706,52.41197223446536,48.75628752072152,-111.26017075809537
4.806273745982175,5.5920214399999955,5.051624211841941,5.544030306418929,4.560923280122409,5.640012573581062,52.52284409594701,48.95690042014213,-101.06745442429931
4.793476579449694,5.4408631599999975,5.0433450914671525,5.448970360637755,4.543608067432235,5.43275595936224,52.617820650774256,49.165388283132124,-88.14164066517793
4.818342906223694,5.289293124999997,5.057545763957344,5.361970445066543,4.579140048490044,5.216615804933451,52.70614020534727,49.38522636987427,-73.09957563664756
4.881433476756917,5.149083054999995,5.095284140014333,5.278573957477208,4.667582813499501,5.019592152522781,52.79853395245537,49.60198390764642,-58.80424665884842
4.975799017811823,5.025124374999998,5.159142030029491,5.195081251503869,4.792456005594156,4.855167498496127,52.90490003811851,49.80917854985578,-47.16983477448957
